6.683480812543873071e+03
7.632462126242943668e+03
6.901324085347983782e+03
8.553729011260480547e+03
5.294195103001089592e+03
6.500791155974256071e+03
6.706286730270146109e+03
2.646902223935398979e+03
2.647398663334221510e+03
2.646900405445913293e+03
2.646821242281320792e+03
2.646813798248821968e+03
2.646871309614140955e+03
2.646871623597937287e+03
2.646812594644269666e+03
2.646824133548776899e+03
2.646861013562160224e+03
2.646840329879591991e+03
2.646892568933668372e+03
2.721705108743117307e+03
2.646897409517191591e+03
2.646894322009863572e+03
2.646856984103443665e+03
2.646873638327295339e+03
2.646956163735037535e+03
2.647066319076708169e+03
2.646856827111545954e+03
2.646958113051104647e+03
2.647070342874668768e+03
3.525823721478094285e+03
3.097101271050881678e+03
3.940429607204551303e+03
3.749556688425444918e+03
3.820014639524921677e+03
1.323097664717573252e+03
1.364948080781000954e+03
1.499616697709899427e+03
1.426022813375556098e+03
1.473058114108214340e+03
5.091592512653975064e+03
4.099392255832872252e+03
1.326551738367318194e+03
1.323576182510321132e+03
1.323304030567561085e+03
1.323954329203979796e+03
1.323617636519414191e+03
1.323238538780757608e+03
4.965275045102907825e+03
3.837603724246623187e+03
1.646325203302336831e+03
2.216206220614988069e+03
1.323859957024000778e+03
1.323289330710883178e+03
3.893973766416815579e+03
3.413313553989881257e+03
3.180762153586619206e+03
1.323252955870061896e+03
1.986191852899882178e+03
1.323352017757732028e+03
3.864060458730334176e+03
3.864060458730334176e+03
3.494071786553169659e+03
3.494071786553169659e+03
2.646807754060746447e+03
2.646807754060746447e+03
2.646807754060746447e+03
2.646807754060746447e+03
4.076628476349735138e+03
4.076628476349735138e+03
2.646807754060746447e+03
7.940954607977899286e+03
2.646807754060746447e+03
2.646807754060746447e+03
2.646807754060746447e+03
2.646807754060746447e+03
2.435242415769739182e+03
2.488384420174589650e+03
2.646807754060746447e+03
2.647018509746767450e+03
2.646807754060746447e+03
2.646807754060746447e+03
2.646807754060746447e+03
2.646807754060746447e+03
2.646807754060746447e+03
2.646807754060746447e+03
2.647095471006866774e+03
2.646807754060746447e+03
2.858373092351753712e+03
2.805231087946904154e+03
1.323093925316238938e+03
1.323093925316238938e+03
1.323206239936635939e+03
1.323325041127771783e+03
1.323093925316238938e+03
1.323277203573660699e+03
1.323369001113323748e+03
1.799198654583306961e+03
1.323206239936635939e+03
1.323093925316238938e+03
1.323317390200455975e+03
1.323093925316238938e+03
9.077802969660258896e+03
9.327464859157458704e+03
4.432947964436085385e+03
1.323182482948848701e+03
3.472563137333929262e+03
2.884818905389658539e+03
1.324899045477794061e+03
1.323448155846678219e+03
8.525123034603739143e+03
1.324830644266064837e+03
1.323448417499841526e+03
6.830525569403733243e+03
1.324765399925444399e+03
1.451777383162926526e+03
1.329466425140003366e+03
2.278996615059855685e+03
2.601983248026761885e+03
7.150514896807335390e+03
6.170912177914801759e+03
6.419773441823371286e+03
2.536938422284493299e+03
1.323182482948848701e+03
1.576775574794757858e+03
1.323263216032421042e+03
1.323565549686857821e+03
6.829309756918267340e+03
1.323262038593185707e+03
1.324289258998195692e+03
8.524339197821151174e+03
1.323855322293974268e+03
3.025032001679100631e+03
2.287560300807540443e+03
2.875210587196832421e+03
3.835505185685839933e+03
1.715663760739882264e+03
7.881856517133915986e+03
7.142995446563021687e+03
7.392262085755866792e+03
1.364038938920462897e+03
1.323448155846678219e+03
1.151013898717559186e+03
1.577422438143278896e+03
1.694483931435207978e+03
1.361270155266286565e+03
1.323182482948848701e+03
4.029938557266784755e+03
1.323316375171864365e+03
1.323448155846678219e+03
6.034867532819228472e+03
1.323316375171864365e+03
1.323835959752542749e+03
3.018676586394257811e+03
1.323383862774311638e+03
1.323448155846678219e+03
1.905926943708191857e+03
1.323384839440048836e+03
1.323451251118620803e+03
3.759336120827439572e+03
1.323093925316238938e+03
1.323093925316238938e+03
1.324138213020646390e+03
3.760788129779080919e+03
1.325106505801758431e+03
1.323448155846678219e+03
1.907647633404164253e+03
1.323848853331839337e+03
1.323448155846678219e+03
3.018551768513030765e+03
1.323182482948848701e+03
1.323448155846678219e+03
6.034772647069435152e+03
1.323182482948848701e+03
1.328415545394734863e+03
3.392774470785091580e+03
1.696398128642300662e+03
1.323182482948848701e+03
1.323361178976804922e+03
1.538514542291082989e+03
1.115391920591777080e+03
1.326887822107464217e+03
3.175000950943822318e+03
6.932592835105838276e+03
5.792738487606391573e+03
6.041283196703566318e+03
1.325225962139171997e+03
1.324264839419722421e+03
2.650028025206631355e+03
3.021016658517444284e+03
1.325565111738734686e+03
1.323448155846678219e+03
4.184171414705281677e+03
1.323759061457322787e+03
1.323485533001072554e+03
4.182689232365748467e+03
1.323671675498983177e+03
1.323448155846678219e+03
3.018173990300141213e+03
1.535230593761003774e+03
1.323641301194553307e+03
1.417767019097143702e+03
4.182818801619116130e+03
1.535760815861411629e+03
1.324022600574940270e+03
2.277779933418214569e+03
1.696231593016483885e+03
1.325235573674367970e+03
1.323484120073989970e+03
7.429995779698556362e+02
3.072187081567750738e+03
1.323317390200455975e+03
6.354358983689324987e+02
1.611906609104491281e+03
6.743405663797705529e+03
1.468331235425203204e+03
2.220541350141921612e+03
5.857363919364991489e+03
1.324334728143145185e+03
1.325459133059958958e+03
4.712297106451295804e+03
1.449081094364793444e+03
2.520321958625208026e+03
5.924349089795028704e+03
5.838582856696378940e+02
1.323277203573660699e+03
3.705733634494052694e+03
1.113401900143451940e+03
1.324076020675731570e+03
1.323448155846678219e+03
1.695098301652040846e+03
1.112544227587958630e+03
3.017710547933694670e+03
1.874194416013364389e+03
3.387981648535452678e+03
1.323299716648717776e+03
1.323448155846678219e+03
1.534865054939725269e+03
3.017827781633564427e+03
1.323299716648717776e+03
1.323460819859787762e+03
4.181951145911411004e+03
1.323254830048533904e+03
1.323448155846678219e+03
4.181893595298117361e+03
1.323254830048533904e+03
1.323454317778676568e+03
3.017789056965378677e+03
2.646797705459820463e+03
1.323257224174979001e+03
1.823600229025809313e+03
5.294755438405672066e+03
6.480848417028360927e+03
6.729875004218363756e+03
2.346966778359272666e+03
1.323448417499841526e+03
4.802771829398816408e+03
2.555953663135515853e+03
3.175403688888042097e+02
1.323182482948848701e+03
1.377468120372373278e+03
1.323448155846678219e+03
2.436276371942604328e+03
1.112772654388301817e+03
1.324328103209131541e+03
1.323448155846678219e+03
3.971497968081059753e+03
1.323182482948848701e+03
1.323448155846678219e+03
3.970255909907425121e+03
1.323182482948848701e+03
1.323448155846678219e+03
9.264402763824577050e+03
1.323182482948848701e+03
2.991424160458124334e+03
1.656104092322881570e+03
2.831562776922222383e+03
1.323573383778641983e+03
1.324199866997824302e+03
1.906055446006695547e+03
3.950491401821958789e+03
2.243857641580455947e+03
1.655775126003886498e+03
1.323469585240762171e+03
4.757268730128891548e+03
4.170303612780427102e+03
2.561870664136223695e+03
1.323182482948848701e+03
5.017020935676487170e+03
5.604049352131041815e+03
1.326964392701268480e+03
1.323448155846678219e+03
1.909560999399739330e+03
3.603078516798857436e+03
1.325279863970128872e+03
1.323182482948848701e+03
1.908018278051468997e+03
1.911968695625693499e+03
7.469128200756242677e+02
1.327604230758325230e+03
1.323448155846678219e+03
9.268781812834380617e+03
1.326853467806064145e+03
1.324112724718401296e+03
3.975030510900553054e+03
1.327989418952526876e+03
1.323448155846678219e+03
3.975499701120751524e+03
1.326451951748871579e+03
1.323448155846678219e+03
1.115241215214057775e+03
2.438746058752931731e+03
1.379937093329513800e+03
3.178309269456505604e+02
2.655808779722357031e+03
2.283575482007785013e+03
1.323788495389274203e+03
4.366744484490496689e+03
1.911934174330433279e+03
1.921139331304744019e+03
6.749826789553318122e+03
5.917021374299332820e+03
5.917021374299332820e+03
1.907017359099820396e+03
1.324083813941269227e+03
2.858253541008036336e+03
1.379085783111906494e+03
1.323448155846678219e+03
3.761410237383603544e+03
2.437367847096676542e+03
1.323448155846678219e+03
5.667419911066482200e+03
1.537426297250518246e+03
2.065745463333424141e+03
1.341190796547813989e+03
4.713601030063971848e+03
3.017621990301084679e+03
1.366925789472189308e+03
4.554290080120260427e+03
1.907240819706770708e+03
1.405641344312656202e+03
5.296668434004136543e+03
2.276648399669645642e+03
3.630706754432538219e+03
2.483068082509375927e+03
1.323325041127771783e+03
2.714947282073265342e+03
2.027725674015829554e+03
2.823706061743528153e+03
8.553729011260480547e+03
7.838394327602705744e+03
7.838394327602705744e+03
2.688897473579590951e+03
1.808701484119322231e+03
1.323206239936635939e+03
1.323093925316238938e+03
1.699110900030062567e+03
2.014081083554004408e+03
2.278186183853384591e+03
1.324156951763878396e+03
4.556439929599721836e+03
3.019795356949016423e+03
1.448789243982506832e+03
4.555076450115509942e+03
1.908024954548308642e+03
1.625349996721791285e+03
5.085602502818802350e+03
3.019368065688948263e+03
1.323687751622999485e+03
5.667137539326906335e+03
1.907546956120296272e+03
1.323448155846678219e+03
4.343110394600506879e+03
1.748205814588987323e+03
2.643359858464212948e+02
3.466499541004287039e+03
1.324798749655346683e+03
3.896307438424214979e+03
6.706286730270146109e+03
3.278055176854267756e+03
5.293934440520737553e+03
1.323456371756009730e+03
5.945117419907093790e+03
1.325767235463805036e+03
2.096497945878959399e+03
1.580979681276908877e+03
5.084758310344559504e+03
2.646812594644269666e+03
5.293897560507352864e+03
1.323450353733250950e+03
5.293886021602846085e+03
1.323285222182915732e+03
1.323786436575409198e+03
1.323275619511818377e+03
5.082328716063954744e+03
3.363113399606875191e+03
1.323271040581458692e+03
1.323448155846678219e+03
2.863197739991426261e+03
6.152994478703472851e+03
2.646885308058383544e+03
5.293886021602846085e+03
2.646839348680229250e+03
5.293913756838168410e+03
1.323451348015272060e+03
5.293912775638806124e+03
2.061831646601190187e+03
2.360054369479684283e+03
1.323287760218600852e+03
4.487322778182379807e+03
3.091598376397505490e+03
3.864060458730334176e+03
6.367002620091131575e+03
3.197625567740588394e+03
9.833194288981663703e+03
3.630714205623523867e+03
3.864060458730334176e+03
5.082320290832092724e+03
5.426979568725782883e+03
4.342393984783354426e+03
3.623901501501366056e+03
3.494071786553169659e+03
5.929841517987979387e+03
4.556387630764917049e+03
4.002508158573983110e+03
3.494071786553169659e+03
6.491174213823933314e+03
2.650654804321662141e+03
7.792723361287925400e+03
4.249390932138044263e+03
1.538691561881886855e+03
2.805905016159209481e+03
3.128502557223667282e+03
1.323321068666303972e+03
1.323753724497462144e+03
4.632610924771561258e+03
6.034932662180974148e+03
1.322997281481428217e+03
2.646807754060746447e+03
5.293958735016959508e+03
4.044572325031380387e+03
5.293917367651823952e+03
3.259931572172928099e+03
2.646807754060746447e+03
5.293946803632708907e+03
3.758974021607798932e+03
2.646873376674132032e+03
5.293945050556512797e+03
2.646962652733489904e+03
5.293965995892244791e+03
1.324943791698360201e+03
9.984314678591441407e+03
4.749368764570072926e+03
1.323448155846678219e+03
1.323271040581458692e+03
1.323448155846678219e+03
1.323271040581458692e+03
1.111705702290450972e+03
1.111705702290450972e+03
1.111705702290450972e+03
4.341346664569216955e+03
1.535909541314533953e+03
1.534847224396089359e+03
9.533674964387922728e+02
1.323768472150095477e+03
9.522905345995242214e+02
1.323555031646386851e+03
1.324233169707901880e+03
1.323281886105082094e+03
7.407218471480249491e+02
7.407251963085166153e+02
1.534843875235597579e+03
1.534847224396089359e+03
1.111713198653582822e+03
4.554646466115192197e+03
1.909317506254692034e+03
1.323448155846678219e+03
1.907573580202945323e+03
1.326763332120961650e+03
1.324179160092629445e+03
1.324156857924724591e+03
3.231648246577087320e+03
2.695375806215554803e+03
6.621932120689421936e+03
1.323364738579278537e+03
1.323448155846678219e+03
1.327799120199507115e+03
3.391251815278536014e+03
5.293932216468848310e+03
4.922926016146265283e+03
3.114872981593518489e+03
6.759097228781684862e+03
1.323429196836086476e+03
1.323448155846678219e+03
6.231730136256023798e+03
2.015462667874983026e+03
5.128213443297241611e+03
3.190583968209993600e+03
5.294036079692066778e+03
1.111786396126049112e+03
4.181926944113246464e+03
1.323867961060718244e+03
1.111822661254498826e+03
1.323332555240178181e+03
1.323460898355736617e+03
1.323580189285163215e+03
3.017860620225024377e+03
2.638203209674287336e+03
2.357476301834316928e+03
3.017892842812099389e+03
3.439525381521976215e+03
6.504951558942461816e+03
1.111705702290450972e+03
3.337274515005080502e+03
2.099696512057615109e+03
5.082318040614888560e+03
2.003454194692900273e+03
2.099696512057615109e+03
1.436170568235869268e+03
2.646807754060746447e+03
1.111716547814074602e+03
2.003454194692900273e+03
3.022169474886714397e+03
1.357635901443258263e+03
1.395469110894965979e+03
2.646807754060746447e+03
4.076628476349735138e+03
3.230249469717215106e+03
5.666538691555777405e+03
1.326189120661515062e+03
4.076628476349735138e+03
3.391655688297929828e+03
3.451081560579246798e+03
7.408100111814385400e+02
4.922940864963289641e+03
3.218661260202033191e+03
2.774207052250410015e+03
8.681934631660620653e+03
1.324798854502945233e+03
2.582774031461256072e+03
2.185401055222836931e+03
1.323448155846678219e+03
1.995822603021973691e+03
4.091800845682779709e+03
4.240413065480187470e+03
2.646807754060746447e+03
6.303889391740323845e+03
1.995822603021973691e+03
5.293886021602846085e+03
2.646812594644269666e+03
5.293944736572717375e+03
1.944528738513017288e+03
4.181960762784618055e+03
7.407314890670968452e+02
1.323448155846678219e+03
3.020832636152218129e+03
1.911599267088115994e+03
7.420421369208411306e+02
7.200070244691723019e+03
7.408246760032910743e+02
2.064251064264180968e+03
4.552918295618803313e+03
1.323448155846678219e+03
7.407143507848929858e+02
4.341335819045592871e+03
5.725211780684408950e+03
4.552901157336599681e+03
6.828983232789618341e+03
4.410601142920160783e+03
5.082315842728315147e+03
2.646860150106720994e+03
2.278758482141056902e+03
2.861404708949339692e+03
1.802084937989825221e+03
1.908865053782880295e+03
2.649890074466456554e+03
3.017814726260160569e+03
2.859215165647927734e+03
3.017799105566304661e+03
2.646823374754602810e+03
5.665461813273676853e+03
2.275816402555188688e+03
2.647891425047138910e+03
2.275910506115411863e+03
7.201272547725843651e+03
6.828983232789618341e+03
4.552901157336599681e+03
1.907715988101331050e+03
8.681934631660620653e+03
4.341335819045592871e+03
1.905827730378023944e+03
7.407143507848929858e+02
2.647002934237998488e+03
5.388364884837244972e+03
1.546970009406615418e+03
5.294076361196574908e+03
1.323391505697896037e+03
1.323448155846678219e+03
1.323466220758710051e+03
1.534956843988903302e+03
4.552981552918875423e+03
1.534912559190994898e+03
2.275816402555188688e+03
9.535259507370517440e+02
2.275816402555188688e+03
4.181909805831041922e+03
3.484486008526715068e+03
4.181909805831041922e+03
2.646807754060746447e+03
4.197388220299222667e+03
2.861206174955998904e+03
2.646807754060746447e+03
2.647046630316289338e+03
2.650076207417309433e+03
1.323859032599229067e+03
2.646807754060746447e+03
2.858576671595551488e+03
2.647056298400677406e+03
2.648085918691417646e+03
1.323663362241696859e+03
2.646807754060746447e+03
1.508134242647989367e+03
2.276410669659604991e+03
1.111957674286822339e+03
1.694299167439134862e+03
1.158604537018537712e+03
5.082567814724686286e+03
1.323243340116306399e+03
2.435242415769739182e+03
1.907134992242459020e+03
5.158812738005102801e+03
1.907255519412450667e+03
1.323169135279161083e+03
2.488384420174589650e+03
1.905827730378023944e+03
1.269237187698365005e+03
5.505448298551841617e+03
2.064251064264180968e+03
1.112719082732450033e+03
8.957054730939765932e+02
1.323726280190244097e+03
7.419510975745292853e+02
1.482685368812715524e+03
1.323448155846678219e+03
1.323747039571221649e+03
1.482844955994189831e+03
5.213479071294617825e+03
3.831246870615482749e+03
7.940954607977899286e+03
2.647018509746767450e+03
1.323747039571221649e+03
5.293982924851918142e+03
2.646909497893342177e+03
5.293894669239897667e+03
1.323448155846678219e+03
1.694383105773959414e+03
1.111814890155545299e+03
1.323086819193949850e+03
2.646807754060746447e+03
9.532715189097831399e+02
4.556703125083110535e+03
1.327633432614947424e+03
2.646807754060746447e+03
3.271295954323605201e+03
2.755527007977517769e+03
6.596712600101657699e+03
2.715123501797623248e+03
2.651808388005654251e+03
2.647496165149273111e+03
5.293945194465753048e+03
2.648468509370661195e+03
2.646997716229349862e+03
5.293902675826697305e+03
5.293961904455974036e+03
1.111705702290450972e+03
5.293953593532299237e+03
5.293939451178815943e+03
1.905889349698008800e+03
1.695691655861291338e+03
1.324055807210008425e+03
1.694324011407001535e+03
2.859523093982336377e+03
1.990082876851317678e+03
2.858434711671738569e+03
7.419826614241786729e+02
2.646893877199485814e+03
5.293970836475768010e+03
1.323448155846678219e+03
5.293967304158061779e+03
1.323360696037903608e+03
1.323473169889101200e+03
1.323344499707088289e+03
2.275881043969211078e+03
4.552948804377658234e+03
2.275889861680818285e+03
1.905865042119127111e+03
5.297891155030157279e+03
1.905827730378023944e+03
3.758816440990130559e+03
5.945991050278081275e+03
3.758779129249026937e+03
2.646812175999208193e+03
6.950156370007571240e+03
5.295909886179339992e+03
2.646901242736035783e+03
2.646812175999208193e+03
5.293881181019322867e+03
5.294051831212504112e+03
2.646837229289605602e+03
5.293958931256832329e+03
5.293954927963432056e+03
5.293881181019322867e+03
5.293910656248182022e+03
5.293958931256832329e+03
5.293939451178815943e+03
8.785625391011444663e+02
5.293910656248182022e+03
5.294026097623881469e+03
5.295048225757101136e+03
5.505449384412469954e+03
5.293929756929111136e+03
1.905972646982582773e+03
4.552913572779204515e+03
1.323448155846678219e+03
1.905886942488905333e+03
1.323415957186017522e+03
1.324569240388106437e+03
1.323330252692339855e+03
1.323415957186017522e+03
4.697742558673528947e+03
2.646807754060746447e+03
1.323977274574294142e+03
5.293931117525560694e+03
8.691019619135289759e+03
2.646857690566985184e+03
5.293887225207397933e+03
4.552904022438739958e+03
7.407267662274971372e+02
2.646915437420151193e+03
5.293967748968439082e+03
1.323505706459972089e+03
5.293988864378728067e+03
1.323300057917281492e+03
1.324781567519394912e+03
1.323378723940862983e+03
2.275845419891011261e+03
5.294002287186011017e+03
2.276984824215562185e+03
1.905827730378023944e+03
6.036185426067549088e+03
1.905904747986675829e+03
3.758779129249026937e+03
1.968047752817084984e+03
2.646807754060746447e+03
5.945991050278081275e+03
3.758856146857679050e+03
2.649430460569266415e+03
5.296252207520263255e+03
2.646821974910178596e+03
2.646980785297715101e+03
5.293881181019322867e+03
5.294129581450013575e+03
2.646821974910178596e+03
5.293895388786097101e+03
5.293950506024970309e+03
5.293881181019322867e+03
5.293895401868754561e+03
5.293916883593471539e+03
5.293917956371441505e+03
1.323606100092610859e+03
2.646807754060746447e+03
5.653872271321037260e+03
5.293895401868754561e+03
3.758977131215613554e+03
1.323551164023546335e+03
3.758789896276701711e+03
1.535129210678569052e+03
1.323494029077914320e+03
7.407172158870324665e+02
1.535218006425442582e+03
1.906531135715367100e+03
5.293882960260834807e+03
1.324982174661836098e+03
1.906393742467726497e+03
1.323271040581458692e+03
1.323448155846678219e+03
1.324400984685454659e+03
1.323271040581458692e+03
3.543932253324076555e+03
2.646807754060746447e+03
9.435329529196096701e+03
1.324400984685454659e+03
5.293940380047546569e+03
2.646866953088969694e+03
5.294470427414713413e+03
2.646870433076043355e+03
5.293930411062019630e+03
1.323448155846678219e+03
5.293943860034620229e+03
1.323320270624155683e+03
1.323926264842109276e+03
1.323327557664757023e+03
1.534867646425494286e+03
1.534892895955764288e+03
1.111736969843479301e+03
6.034880096060443975e+03
1.111762219373749076e+03
5.293894904727744688e+03
5.296687767489892394e+03
1.323261341853949716e+03
2.646807754060746447e+03
5.294796418478071246e+03
2.646931071196665471e+03
6.929513455230836371e+03
5.293881181019322867e+03
2.647294220581482023e+03
2.646931071196665471e+03
5.293881181019322867e+03
5.293966336041357863e+03
2.647341686536314683e+03
5.293947196112453639e+03
5.294036812320924582e+03
5.293881181019322867e+03
5.294794024982467818e+03
5.293947196112453639e+03
5.293917956371441505e+03
1.323183748608337964e+03
2.646807754060746447e+03
5.294661882108211103e+03
5.293948308138398716e+03
5.295471525570881568e+03
5.293884046121462234e+03
5.293929887755693017e+03
2.250482744981861742e+03
7.655809135799104297e+03
1.323448155846678219e+03
2.827393349702531850e+03
3.331348737713003175e+03
1.323448155846678219e+03
1.528400976100704838e+03
4.902848981730935520e+03
2.929014113295250809e+03
1.528400976100704838e+03
3.917260020786528003e+03
3.775020266530934350e+03
2.646807754060746447e+03
2.386532166428448363e+03
5.293930934368347152e+03
2.243165108014574344e+03
2.646857507409770733e+03
5.293973832404489258e+03
2.909142682030644664e+03
1.534891849343110607e+03
5.293884190030702484e+03
4.152189110105950022e+03
5.293947065285871759e+03
6.819437255544970867e+03
1.534902263139014394e+03
1.323451923652231471e+03
3.031314448618110418e+03
1.439229016789274056e+03
2.719789875302049040e+03
2.756872249131861736e+03
4.693462416268215520e+02
1.323217606527684211e+03
2.646807754060746447e+03
5.293927101149502960e+03
3.383447646432502097e+03
3.239857847515125286e+03
2.647095471006866774e+03
5.474311459601714887e+03
2.646977645459754058e+03
5.293975232248913926e+03
5.293881181019322867e+03
3.500459250866963430e+03
2.646977645459754058e+03
5.293984193869760929e+03
3.500411784912130770e+03
5.536972109060224284e+03
5.294056619465394760e+03
5.293881181019322867e+03
6.433307055635643337e+03
5.442427106049333815e+03
5.293951801208128927e+03
1.323644900749045746e+03
2.858373092351753712e+03
5.295356078051751865e+03
6.295858114827888130e+03
5.293999422083871650e+03
2.019628113995569947e+03
2.805231087946904154e+03
7.031965344598846059e+03
2.859650858101215817e+03
5.293931928650367809e+03
1.323448155846678219e+03
2.879788594119997470e+03
1.337189369587628562e+03
1.465637874738016990e+03
1.323300934455379092e+03
5.824268410558660207e+02
5.294219312526725844e+03
5.823253327111181079e+02
5.293886021602846085e+03
2.646812594644269666e+03
5.293975650893975399e+03
2.646901805290337506e+03
5.294029590693613500e+03
2.646983192506818341e+03
5.294138010131740884e+03
2.646878374249552962e+03
5.293930254070122828e+03
2.646925995125295231e+03
5.294031540009680612e+03
2.646858501691791844e+03
5.294142084284181692e+03
