5.334601932234483684e+03
5.335865408796983502e+03
5.334892020125108502e+03
5.337091629500108866e+03
5.332410477156358866e+03
5.334358621687608320e+03
5.334632303328233320e+03
2.665761022621940356e+03
2.666155163246939992e+03
2.665754235512565174e+03
2.665458776528190356e+03
2.665430993325065174e+03
2.665645641762564992e+03
2.665646813637565174e+03
2.665426501137565083e+03
2.665469567543815174e+03
2.665607214028190356e+03
2.665530016762565083e+03
2.665724987465689992e+03
2.666474596840690083e+03
2.665743053871939992e+03
2.665731530434440174e+03
2.665592174965689992e+03
2.665654333168815356e+03
2.665962340981315265e+03
2.666144469887565265e+03
2.665591589028190356e+03
2.665969616371939992e+03
2.666151842934440083e+03
1.336145039112652057e+03
1.335570429737651921e+03
1.336691914112652057e+03
1.336441865284527012e+03
1.336536201222026875e+03
1.331561347706401875e+03
1.333241328175151921e+03
1.333426533253277057e+03
1.333325410206402012e+03
1.333390400440777057e+03
1.338236396534526875e+03
1.336909052784526921e+03
1.331862470753276966e+03
1.332375166065776966e+03
1.332331562550152057e+03
1.332607880909527012e+03
1.332169697315777057e+03
1.332087128956402012e+03
1.338067109425152012e+03
1.336561738331402012e+03
1.333623457081401966e+03
1.334393330128277057e+03
1.332360419972026875e+03
1.331782392628276966e+03
1.336636884815776966e+03
1.335995576222027012e+03
1.335684980518901966e+03
1.332140937550151875e+03
1.334082734425152012e+03
1.332510664112651966e+03
3.891548434731314956e+03
3.891548434731314956e+03
3.518858434731314901e+03
3.518858434731314901e+03
2.665408434731315083e+03
2.665408434731315083e+03
2.665408434731315083e+03
2.665408434731315083e+03
4.105668434731314846e+03
4.105668434731314846e+03
2.665408434731315083e+03
7.998208434731314810e+03
2.665408434731315083e+03
2.665408434731315083e+03
2.665408434731315083e+03
2.665408434731315083e+03
2.452298434731314956e+03
2.505828434731315156e+03
2.665408434731315083e+03
2.665408434731315083e+03
2.665408434731315083e+03
2.665408434731315083e+03
2.665408434731315083e+03
2.665408434731315083e+03
2.665408434731315083e+03
2.665408434731315083e+03
2.665408434731315083e+03
2.665408434731315083e+03
2.878518434731315210e+03
2.824988434731315010e+03
1.331547391218858593e+03
1.331547391218858593e+03
1.331966580671983593e+03
1.331547391218858593e+03
1.331547391218858593e+03
1.332074686140733547e+03
1.331849881453233593e+03
1.333827322859483502e+03
1.331966580671983593e+03
1.331547391218858593e+03
1.332381424421983638e+03
1.331547391218858593e+03
5.337789090437609048e+03
5.338119612193837384e+03
2.668761262584461747e+03
1.331877912975086929e+03
1.709261262584461974e+03
1.122451262584461801e+03
1.332520735240711929e+03
1.332869478243771709e+03
8.585330735240711874e+03
1.332512532115711792e+03
1.332870454806271709e+03
6.878423508678211874e+03
1.332482844615711883e+03
1.333353560275021664e+03
1.332966926646961838e+03
2.292100813365711474e+03
1.334899641490711929e+03
5.335222541881336838e+03
5.333919168562608320e+03
5.334249690318836656e+03
2.293030012584461474e+03
1.331877912975086929e+03
1.333530012584461929e+03
1.332179231334461747e+03
1.332869966525021709e+03
6.878089719615711147e+03
1.332174836803211747e+03
1.332869966525021709e+03
8.584985325084462602e+03
1.332175325084461747e+03
1.335457808321896664e+03
1.121653655162586801e+03
1.708463655162586974e+03
2.667963655162586747e+03
1.333710188365711929e+03
5.336195930553211838e+03
5.335213797468858502e+03
5.335544319225086838e+03
1.333235286021961883e+03
1.332869478243771709e+03
1.120125286021961756e+03
1.546345286021961783e+03
1.706363411021961838e+03
1.333242219615711747e+03
1.331877912975086929e+03
3.413617717662586983e+03
1.331877912975086929e+03
1.332869478243771709e+03
6.077867912975086256e+03
1.331877912975086929e+03
1.332869478243771709e+03
3.038777912975086565e+03
1.331877912975086929e+03
1.332869478243771709e+03
1.918687912975086874e+03
1.331877912975086929e+03
1.332869478243771709e+03
3.785167912975086892e+03
1.331547391218858593e+03
1.331547391218858593e+03
1.331547391218858593e+03
3.785167912975086892e+03
1.331877912975086929e+03
1.332869478243771709e+03
1.918687912975086874e+03
1.331877912975086929e+03
1.332869478243771709e+03
3.038777912975086565e+03
1.331877912975086929e+03
1.332869478243771709e+03
6.077867912975086256e+03
1.331877912975086929e+03
1.332869478243771709e+03
3.411467912975086620e+03
1.705577912975086974e+03
1.331877912975086929e+03
1.332544856334461883e+03
1.545654856334461783e+03
1.119434856334461756e+03
1.332544856334461883e+03
1.335657075900021709e+03
5.334932453990712020e+03
5.333415067000109048e+03
5.333745588756337384e+03
1.331964094615711929e+03
1.332917134493771755e+03
2.665211750865712020e+03
3.038911750865711838e+03
1.331944709850086838e+03
1.332869478243771709e+03
4.211454709850087056e+03
1.331944709850086838e+03
1.333008980196896800e+03
4.211594211803211692e+03
1.331990852428211838e+03
1.332869478243771709e+03
3.038890852428211929e+03
1.545100852428211738e+03
1.331990852428211838e+03
1.333313618868771755e+03
4.211944993053211874e+03
1.545544993053211783e+03
1.332869478243771709e+03
2.291934993053211656e+03
1.706134993053211929e+03
1.332387434459461929e+03
1.333003706759396664e+03
7.457116629750868242e+02
3.091941662975086729e+03
1.332381424421983638e+03
6.393591727407118697e+02
1.333579666609483638e+03
5.334685481334461656e+03
1.333383332896961747e+03
1.334385786837521664e+03
4.588109641490711510e+03
1.332244026256336838e+03
1.332997590709461747e+03
4.586573703990711692e+03
1.333351789928211929e+03
1.334785445040646664e+03
4.375367756725087020e+03
5.865978250844618742e+02
1.332074686140733547e+03
3.732328635631336965e+03
1.119985930553211801e+03
1.333024348521961883e+03
1.332869478243771709e+03
1.706724348521961929e+03
1.119914348521961756e+03
3.038777912975086565e+03
1.333923579806271846e+03
3.412522014537586983e+03
1.332315461803211747e+03
1.332869478243771709e+03
1.545425461803211874e+03
3.039215461803211838e+03
1.332315461803211747e+03
1.332916743868771846e+03
4.211872727428211874e+03
1.332147932506336929e+03
1.332869478243771709e+03
4.211657932506336692e+03
1.332147932506336929e+03
1.332892476290646755e+03
3.039070930553211838e+03
2.665370930553212020e+03
1.332156868053211838e+03
1.333853609103146709e+03
5.332740998912587202e+03
5.334332059187609048e+03
5.334662580943837384e+03
1.334556477428211792e+03
1.332870454806271709e+03
3.787847453990711983e+03
1.708039387584461792e+03
3.188479129750868424e+02
1.331877912975086929e+03
1.385407912975086901e+03
1.332869478243771709e+03
2.451967912975086620e+03
1.118767912975086801e+03
1.331877912975086929e+03
1.332869478243771709e+03
3.998277912975086565e+03
1.331877912975086929e+03
1.332869478243771709e+03
3.998277912975086565e+03
1.331877912975086929e+03
1.332869478243771709e+03
9.331077912975086292e+03
1.331877912975086929e+03
1.335414204806271755e+03
7.476126395375868015e+02
1.921232639537586920e+03
1.332449787975086792e+03
1.331877912975086929e+03
1.919868332896961874e+03
3.626330207896961838e+03
1.920440207896961738e+03
1.333630207896961792e+03
1.332949458712521846e+03
4.373810188365711838e+03
3.787000188365711892e+03
1.334836262584461792e+03
1.331877912975086929e+03
3.788126262584461983e+03
4.374936262584462384e+03
1.332544856334461883e+03
1.332869478243771709e+03
1.919354856334461829e+03
3.625244856334461929e+03
1.331877912975086929e+03
1.331877912975086929e+03
1.918687912975086874e+03
1.918687912975086874e+03
7.450679129750867560e+02
1.331877912975086929e+03
1.332869478243771709e+03
9.331077912975086292e+03
1.331877912975086929e+03
1.332911665743771664e+03
3.998320100475086747e+03
1.331920100475086883e+03
1.332869478243771709e+03
3.998320100475086747e+03
1.331920100475086883e+03
1.332869478243771709e+03
1.118810100475086756e+03
2.452010100475086801e+03
1.385450100475086856e+03
3.188479129750868424e+02
1.334966499728146800e+03
1.707674934459461838e+03
1.331877912975086929e+03
3.787264934459461983e+03
1.333974934459461792e+03
1.333983687228146664e+03
5.334689143443836656e+03
5.333580789656358320e+03
5.333580789656358320e+03
1.918357391218858538e+03
1.332095979381336747e+03
2.877857391218858538e+03
1.385295457625108611e+03
1.332869478243771709e+03
3.785055457625108829e+03
2.451855457625108556e+03
1.332869478243771709e+03
5.705065457625108138e+03
1.544875457625108538e+03
2.078155457625108738e+03
1.333210689181271846e+03
4.744896668562608284e+03
3.038447391218858229e+03
1.333241060275021709e+03
4.585128973250108174e+03
1.918728973250108538e+03
1.333296284884396755e+03
5.331945779890733320e+03
2.291845779890733411e+03
1.336266939181271709e+03
5.893532408282335382e+02
1.331547391218858593e+03
1.441969207625108538e+03
1.334129813093858502e+03
1.548019207625108493e+03
5.337091629500108866e+03
5.336139529890733684e+03
5.336139529890733684e+03
5.896222349688586064e+02
1.226919959578233602e+03
1.331966580671983593e+03
1.331547391218858593e+03
1.120869959578233420e+03
1.121289149031358420e+03
2.291825613875108502e+03
1.333047456759396709e+03
4.585713592390733538e+03
3.038447391218858229e+03
1.333355611056271755e+03
4.585243524031357992e+03
1.918843524031358584e+03
1.333590279025021800e+03
5.119244324812608284e+03
3.038447391218858229e+03
1.333136079806271709e+03
5.705113992781358320e+03
1.918623992781358538e+03
1.332869478243771709e+03
4.371913992781358502e+03
1.758033992781358620e+03
2.652539927813585336e+02
1.336045601290646800e+03
1.331920100475086883e+03
2.561130115828233556e+03
5.334632303328233320e+03
2.667216686684439992e+03
5.332007214028189992e+03
1.332900142306271846e+03
5.333616686684440538e+03
1.332376549965690174e+03
1.334220259493771664e+03
1.333532604653190219e+03
5.118850290200064592e+03
2.665426501137565083e+03
5.331869567543815720e+03
1.332877681368771846e+03
5.331826501137565174e+03
1.332261364418815219e+03
1.332874361056271709e+03
1.332225524575065265e+03
5.118746481606314774e+03
1.335910005587521709e+03
1.332208434731315265e+03
1.332869478243771709e+03
1.335248962075065265e+03
4.960696764809440538e+03
2.665697887856314992e+03
5.331826501137565174e+03
2.665526354653190083e+03
5.331930016762565174e+03
1.332881392306271664e+03
5.331926354653190174e+03
1.334178551918815174e+03
1.334571626681271709e+03
1.332270837075065174e+03
2.668835631996940265e+03
1.335563154347026966e+03
3.891548434731314956e+03
5.121356637856314592e+03
2.667113756996940083e+03
9.545894753090689846e+03
1.336284736378276875e+03
3.891548434731314956e+03
5.118715036293814592e+03
2.670088512856314992e+03
4.372336413246940538e+03
1.336272187550152012e+03
3.518858434731314901e+03
2.670758874184440174e+03
4.586109840981314846e+03
1.336776875050152057e+03
3.518858434731314901e+03
4.961148962075065356e+03
2.665595153481315265e+03
6.667507946450064992e+03
2.668517272621940265e+03
1.545505153481315119e+03
1.335160884493771846e+03
1.548427272621940119e+03
1.332395153481315219e+03
1.332869478243771709e+03
1.337608678871940128e+03
6.078465133950065137e+03
1.331186689503276966e+03
2.665408434731315083e+03
5.332097887856315538e+03
7.507986788719400693e+02
5.331943493325064992e+03
1.335790791065777057e+03
2.665408434731315083e+03
5.332053356606314992e+03
3.786225827309440319e+03
2.665653356606315356e+03
5.332046813637565720e+03
2.665986559731315083e+03
5.332124987465690538e+03
1.332869478243771709e+03
9.546097340981315938e+03
1.923792214028190074e+03
1.332869478243771709e+03
1.332208434731315265e+03
1.332869478243771709e+03
1.332208434731315265e+03
1.119098434731315137e+03
1.119098434731315137e+03
1.119098434731315137e+03
4.372348913246940356e+03
1.545346413246940074e+03
1.545358913246940119e+03
9.585364132469401284e+02
1.332869478243771709e+03
9.585489132469400602e+02
1.332236413246940174e+03
1.332869478243771709e+03
1.332248913246940219e+03
7.454264132469401147e+02
7.454389132469400465e+02
1.545346413246940074e+03
1.545358913246940119e+03
1.119126413246940047e+03
4.586360475746940210e+03
1.919709840981315210e+03
1.332869478243771709e+03
1.919960475746940119e+03
1.332899840981315265e+03
1.332869478243771709e+03
1.333150475746940174e+03
3.252909840981315028e+03
1.335019282931271846e+03
6.665373034340690538e+03
1.332558141762565128e+03
1.332869478243771709e+03
1.332573034340690128e+03
3.412148141762565047e+03
5.331998913246939992e+03
4.958243493325065174e+03
1.335578511446896755e+03
3.790461813637565228e+03
1.332798717934440219e+03
1.332869478243771709e+03
1.339743737465690174e+03
7.480888155906900465e+02
7.522462374656901147e+02
1.921708815590690165e+03
5.332386559731315174e+03
1.119399606606315047e+03
4.211782399575065028e+03
1.332941060275021755e+03
1.119534958168815137e+03
1.332438024575065128e+03
1.332917036837521664e+03
1.332644958168815265e+03
3.039338024575064992e+03
1.334943013400021755e+03
1.920597340981315028e+03
3.039458288246939901e+03
2.667436706215690265e+03
5.121543356606314774e+03
1.119098434731315137e+03
2.667299303871940083e+03
1.334228503090690083e+03
5.118706637856314956e+03
1.334099303871940265e+03
1.334228503090690083e+03
1.333340937550151921e+03
2.665408434731315083e+03
1.119138913246940092e+03
1.334099303871940265e+03
3.039578063637564810e+03
1.333231220753277057e+03
1.333285371143902012e+03
2.665408434731315083e+03
4.105668434731314846e+03
3.253160475746939937e+03
5.705960778481315174e+03
1.333037861378277057e+03
4.105668434731314846e+03
3.412163034340690047e+03
2.454623923012565228e+03
7.457554659813150693e+02
4.958298913246940174e+03
2.454314450356314865e+03
1.921153444496940210e+03
8.744598434731315137e+03
1.332869478243771709e+03
1.920899391762565074e+03
1.334343444496940265e+03
1.332869478243771709e+03
1.334089391762565128e+03
1.336888171059440083e+03
1.337096894581402012e+03
2.665408434731315083e+03
1.925866237465690119e+03
1.334089391762565128e+03
5.331826501137565174e+03
2.665426501137565083e+03
5.332045641762565538e+03
1.334015913790646664e+03
4.211908620278190028e+03
7.454623995750650920e+02
1.332869478243771709e+03
3.039560973793814810e+03
1.919914870278190165e+03
7.457272921531900920e+02
7.252175465981315938e+03
7.456809542625651375e+02
2.078598434731315137e+03
4.585482399575064846e+03
1.332869478243771709e+03
7.453984347313150920e+02
4.372308434731315174e+03
5.120501706215689410e+03
4.585418434731314846e+03
6.878118434731314665e+03
2.881558913246940392e+03
5.118698434731314592e+03
2.665603991371940083e+03
2.291879430825064901e+03
2.878518434731315210e+03
1.333825679415646846e+03
1.919470973793815119e+03
2.665603991371940083e+03
3.039166735512565083e+03
2.879169215981315119e+03
3.039108434731314901e+03
2.665466735512565265e+03
5.705976061684440538e+03
2.291708434731314810e+03
2.665567858559440083e+03
2.292059655434439719e+03
7.252147292153190392e+03
6.878118434731314665e+03
4.585418434731314846e+03
1.919534889809440074e+03
8.744598434731315137e+03
4.372308434731315174e+03
1.919018434731315210e+03
7.453984347313150920e+02
2.666136901528190265e+03
5.332874596840690174e+03
1.333486030978146800e+03
5.332536901528190356e+03
1.332658044106315174e+03
1.332869478243771709e+03
1.332936901528190219e+03
1.545768044106315074e+03
4.585700954262564665e+03
1.545602760903190074e+03
2.291708434731314810e+03
9.590191769188151056e+02
2.291708434731314810e+03
4.211718434731315028e+03
2.880321706215690483e+03
4.211718434731315028e+03
2.665408434731315083e+03
2.668448913246940265e+03
2.878681227700065392e+03
2.665408434731315083e+03
2.666299987465690265e+03
2.666336071450064992e+03
1.332564619190776966e+03
2.665408434731315083e+03
2.879278249184440483e+03
2.666336071450064992e+03
2.665667174965690265e+03
1.332720918018902012e+03
2.665408434731315083e+03
1.333428755587521664e+03
2.292176061684439901e+03
1.120038864418815137e+03
1.706045690590690128e+03
1.120142721840690001e+03
5.119638864418814592e+03
1.332105048878276875e+03
2.452298434731314956e+03
1.919347292153190210e+03
5.119742721840690137e+03
1.919396803871940165e+03
1.331828095753277012e+03
2.505828434731315156e+03
1.919018434731315210e+03
1.120292575356314956e+03
5.544925075356314665e+03
2.078598434731315137e+03
1.120029489418815047e+03
7.465925753563151375e+02
1.332869478243771709e+03
7.463294894188151147e+02
1.333402575356315083e+03
1.332869478243771709e+03
1.333097301918815219e+03
1.333402575356315083e+03
1.338398701222027057e+03
1.336553339893901921e+03
7.998208434731314810e+03
2.665408434731315083e+03
1.333097301918815219e+03
5.332188171059440720e+03
2.665788171059440174e+03
5.331858776528189992e+03
1.332869478243771709e+03
1.706358971840690174e+03
1.119505954262564956e+03
1.331520869190776921e+03
2.665408434731315083e+03
9.590724484031901511e+02
4.585884596840690392e+03
1.332590546925152012e+03
2.665408434731315083e+03
2.667211706215690356e+03
2.666518346840690356e+03
5.334491247231315356e+03
2.666462780434439992e+03
2.666367419106315083e+03
2.665488659340689992e+03
5.332047350746940538e+03
2.666045348793815265e+03
2.665678698403190083e+03
5.331888659340690538e+03
5.332067174965690356e+03
1.119098434731315137e+03
5.332078698403190174e+03
5.332025915200065356e+03
1.919248415200065210e+03
1.706286803871940265e+03
1.332869478243771709e+03
1.706138415200065310e+03
2.879238014809440301e+03
1.334076411837521846e+03
2.878748415200065210e+03
7.461180148094400693e+02
2.665729870278189992e+03
5.332143053871940538e+03
1.332869478243771709e+03
5.332129870278190538e+03
1.332543053871940174e+03
1.332962837618771800e+03
1.332482604653190265e+03
2.291949694496940083e+03
4.585596266762565392e+03
2.291982604653189810e+03
1.919157692543815074e+03
5.332376598793814992e+03
1.919018434731315210e+03
3.785637692543815319e+03
5.333620348793815538e+03
3.785498434731315228e+03
2.665424938637564992e+03
5.334962926918815356e+03
5.331833092934440174e+03
2.665757360512565356e+03
2.665424938637564992e+03
5.331808434731315174e+03
5.332445348793815356e+03
2.665518444496939992e+03
5.332098620278190538e+03
5.332083678871940720e+03
5.331808434731315174e+03
5.331918444496940538e+03
5.332098620278190538e+03
5.332025915200065356e+03
7.465687472313151147e+02
5.331918444496940538e+03
5.332349303871940720e+03
5.332599303871940720e+03
5.544929128090690028e+03
5.331989733559440538e+03
1.919559303871940074e+03
4.585464772621940028e+03
1.332869478243771709e+03
1.919239430825065028e+03
1.332749303871940128e+03
1.332869478243771709e+03
1.332429430825065083e+03
1.332749303871940128e+03
1.337710761768901875e+03
2.665408434731315083e+03
1.332429430825065083e+03
5.331994811684440720e+03
5.337285387856315538e+03
2.665594811684440174e+03
5.331830993325065720e+03
4.585429128090690028e+03
7.454447726219400465e+02
2.665810339028190356e+03
5.332131530434440720e+03
1.333084273165646664e+03
5.332210339028189992e+03
1.332316735512565174e+03
1.332869478243771709e+03
1.332610339028190083e+03
2.291816735512564719e+03
5.332260436684440720e+03
2.291970837075064992e+03
1.919018434731315210e+03
6.078518454262564774e+03
1.919305885903190074e+03
3.785498434731315228e+03
1.334061201222026966e+03
2.665408434731315083e+03
5.333620348793815538e+03
3.785785885903190319e+03
2.666078893715690356e+03
5.331833092934440174e+03
2.665461510903190174e+03
2.666054235512565356e+03
5.331808434731315174e+03
5.332735534340690720e+03
2.665461510903190174e+03
5.331861462075064992e+03
5.332067174965690356e+03
5.331808434731315174e+03
5.331861510903190720e+03
5.331941686684440356e+03
5.331945690590689992e+03
1.331850654347026875e+03
2.665408434731315083e+03
5.333229430825065720e+03
5.331861510903190720e+03
3.785498434731315228e+03
1.332869478243771709e+03
3.785538620278190137e+03
1.545318434731315165e+03
1.332869478243771709e+03
7.454091280906900465e+02
1.545358620278190074e+03
1.919018434731315210e+03
5.331815075356314992e+03
1.332869478243771709e+03
1.919018923012565210e+03
1.332208434731315265e+03
1.332869478243771709e+03
1.332208923012565265e+03
1.332208434731315265e+03
1.336169209034527057e+03
2.665408434731315083e+03
5.338278356606315356e+03
1.332208923012565265e+03
5.332029381996940174e+03
2.665629381996940083e+03
5.332555163246940538e+03
2.665642370278190356e+03
5.331992174965690538e+03
1.332869478243771709e+03
5.332042370278189992e+03
1.332392174965690174e+03
1.332936519259396846e+03
1.332419372231315265e+03
1.545435133950065165e+03
1.545529372231315165e+03
1.119215133950065137e+03
6.078268942543814774e+03
1.119309372231315137e+03
5.331859655434440356e+03
5.332193932778190174e+03
1.332172236378276921e+03
2.665408434731315083e+03
5.331918493325065356e+03
2.665868688637565356e+03
5.334935192543814992e+03
5.331808434731315174e+03
2.665652135903190356e+03
2.665868688637565356e+03
5.331808434731315174e+03
5.332126256996940356e+03
2.665652135903190356e+03
5.332054821450064992e+03
5.332389294106314992e+03
5.331808434731315174e+03
5.332093737465690538e+03
5.332054821450064992e+03
5.331945690590689992e+03
1.331882636768901875e+03
2.665408434731315083e+03
5.332093737465690538e+03
5.332058971840689992e+03
5.332483044106314992e+03
5.331819128090690356e+03
5.331990221840690538e+03
1.920456178871940210e+03
6.880149538246940210e+03
1.332869478243771709e+03
1.921224684731315165e+03
1.123048678871939956e+03
1.332869478243771709e+03
1.120641061684440047e+03
1.125145700356315047e+03
1.335330952853146755e+03
1.120641061684440047e+03
3.784400753563151056e+02
1.336478828175151875e+03
2.665408434731315083e+03
3.763969112938150943e+02
5.331994128090690538e+03
1.547245485512564983e+03
2.665594128090689992e+03
5.332154235512565720e+03
1.335302876681271755e+03
1.545525465981315165e+03
5.331819665200065174e+03
2.668380651528190356e+03
5.332054333168814992e+03
5.334780651528189992e+03
1.545564333168814983e+03
1.332883540743771846e+03
1.548290651528189983e+03
1.333343053871940128e+03
1.335050972384396800e+03
1.335099303871940265e+03
3.738307003563151056e+02
1.332009003956402012e+03
2.665408434731315083e+03
5.331979821450065174e+03
3.777207882469401170e+02
1.335763789112651921e+03
2.665408434731315083e+03
5.332989489418815538e+03
2.666042516762565356e+03
5.332159460121940356e+03
5.331808434731315174e+03
2.667516784340690265e+03
2.666042516762565356e+03
5.332192907387565356e+03
2.667516784340690265e+03
5.333074596840689992e+03
5.332463219887565174e+03
5.331808434731315174e+03
5.334271227700065538e+03
5.332948278481315356e+03
5.332072008950065538e+03
1.332854902393901966e+03
2.878518434731315210e+03
5.332690954262565356e+03
5.334088073403190720e+03
5.332249743325065538e+03
1.334128095753276966e+03
2.824988434731315010e+03
6.879316335121940028e+03
2.879280153481315210e+03
5.331997839028190356e+03
1.332869478243771709e+03
2.879510378090690210e+03
1.333203991371940219e+03
1.333375581759396709e+03
1.332320006996940265e+03
5.863253683250651420e+02
5.332533044106315174e+03
5.859465109031901875e+02
5.331826501137565174e+03
2.665426501137565083e+03
5.332161022621939992e+03
2.665759460121940265e+03
5.332362340981315356e+03
2.666063219887565083e+03
5.332544469887565356e+03
2.665672008950064992e+03
5.331991589028189992e+03
2.665849743325064992e+03
5.332369616371940538e+03
2.665597839028190265e+03
5.332551842934440174e+03
