6.992496822269634322e+03
8.162837862181916535e+03
7.261073185580458812e+03
9.299569357166448754e+03
5.286701974298201094e+03
6.767316202669451741e+03
7.020610891160238680e+03
2.642554404894688560e+03
2.644386507315817653e+03
2.642553731900232378e+03
2.642524434853801267e+03
2.642521679934049189e+03
2.642542963988934389e+03
2.642543080189416287e+03
2.642521234498869489e+03
2.642525504866569463e+03
2.642539153581474238e+03
2.642531498874746831e+03
2.642550831729878155e+03
2.732983220619140411e+03
2.642552623153969762e+03
2.642551480515900948e+03
2.642537662341959731e+03
2.642543825809173541e+03
2.642574367169095240e+03
2.643401297854069981e+03
2.642537604241719237e+03
2.642575088580418651e+03
2.643408166781849104e+03
3.995793754632011769e+03
3.474020508320145382e+03
4.516155932222854062e+03
4.274662439620772602e+03
4.360882605446329762e+03
1.321146397159920070e+03
1.373808603527291325e+03
1.530169887868430123e+03
1.444834298898764928e+03
1.498653751496728773e+03
5.918056101035672327e+03
4.703762226767410539e+03
1.331349562639790520e+03
1.321595713607463495e+03
1.321683522849093379e+03
1.323948589427626530e+03
1.323724905429366117e+03
1.321198532442678243e+03
5.763961836982503883e+03
4.379275423208627217e+03
1.708558205916807083e+03
2.394271668733887054e+03
1.322993686360201082e+03
1.322838832373445939e+03
4.448647426960668781e+03
3.857943583742985538e+03
3.572637723220976113e+03
1.321704014892733539e+03
2.116956631536253553e+03
1.321240529233414236e+03
3.857723218090879072e+03
3.857723218090879072e+03
3.488357326014320734e+03
3.488357326014320734e+03
2.642519443074777882e+03
2.642519443074777882e+03
2.642519443074777882e+03
2.642519443074777882e+03
4.069933432508847545e+03
4.069933432508847545e+03
2.642519443074777882e+03
7.927754971975119588e+03
2.642519443074777882e+03
2.642519443074777882e+03
2.642519443074777882e+03
2.642519443074777882e+03
2.431310220234252483e+03
2.484362773838744488e+03
2.642519443074777882e+03
2.642597440450840168e+03
2.642519443074777882e+03
2.642519443074777882e+03
2.642519443074777882e+03
2.642519443074777882e+03
2.642519443074777882e+03
2.642519443074777882e+03
2.643997558320909775e+03
2.642519443074777882e+03
2.853728665915302827e+03
2.800676112310810822e+03
1.321145013266096612e+03
1.321145013266096612e+03
1.321186579146713257e+03
1.326817876523232371e+03
1.321145013266096612e+03
1.328471211296580123e+03
1.322650010222567971e+03
1.892698108542116415e+03
1.322531005882236514e+03
1.321145013266096612e+03
1.321227714117210326e+03
1.321145013266096612e+03
9.946355897930912761e+03
1.025729322219640198e+04
4.830535928146864535e+03
1.321177787057894420e+03
3.868083048334309751e+03
3.278156943852564382e+03
1.326292543006772803e+03
1.321276108433287845e+03
8.515172467454503931e+03
1.322176587761265182e+03
1.321276205267022533e+03
6.819133712218554138e+03
1.322008530893424222e+03
1.485819351602700863e+03
1.335773270429040622e+03
2.282333097944527708e+03
2.881458845892327190e+03
7.570432411150369262e+03
6.360892654253209912e+03
6.669144321970647979e+03
2.585765004150704954e+03
1.321177787057894420e+03
1.624052731063900410e+03
1.321207665106733430e+03
1.322206327926050335e+03
6.819410875961590136e+03
1.321207229354927449e+03
1.324077631544500491e+03
8.512661948792969270e+03
1.323579523631947950e+03
3.411702961130529275e+03
2.545231259138436144e+03
3.134843756199023119e+03
4.096995919719751328e+03
1.802826976179292160e+03
8.472879590817876306e+03
7.559092359778220271e+03
7.868705915645405184e+03
1.379441801762306568e+03
1.321276108433287845e+03
1.166564372358469882e+03
1.593455647075411434e+03
1.692721170098464654e+03
1.360436350700648518e+03
1.321177787057894420e+03
4.164359309513652988e+03
1.322329914519947124e+03
1.321276108433287845e+03
6.025962030234020858e+03
1.322329914519947124e+03
1.322676255702811886e+03
3.016536102174463394e+03
1.322502809178398820e+03
1.325610603160082746e+03
1.909159647429014512e+03
1.327575374594093319e+03
1.321277253944919266e+03
3.759469612157358824e+03
1.321145013266096612e+03
1.321145013266096612e+03
1.324788887680737162e+03
3.760221497635794094e+03
1.327293159663886399e+03
1.321276108433287845e+03
1.909052887216795625e+03
1.323738301985136104e+03
1.321276108433287845e+03
3.015805312248312021e+03
1.321177787057894420e+03
1.321276108433287845e+03
6.024837209463709769e+03
1.321177787057894420e+03
1.337959447444615080e+03
3.399011107055818684e+03
1.699180875382360682e+03
1.321177787057894420e+03
1.321252938536578540e+03
1.544298430063911837e+03
1.121621082665072436e+03
1.332237690181744711e+03
3.597162925087370695e+03
7.301591611251162249e+03
5.895472935110358776e+03
6.202655589758664973e+03
1.327586091095775373e+03
1.323973110252912193e+03
2.653107511917155989e+03
3.023542145079211423e+03
1.328589419016403554e+03
1.321276108433287845e+03
4.182952908808754728e+03
1.323455428086947677e+03
1.321289941132288732e+03
4.178314879304920396e+03
1.323193776569008605e+03
1.321276108433287845e+03
3.014965336984788792e+03
1.534426577862009935e+03
1.323112788981239646e+03
1.435866598187134514e+03
4.178460666037393821e+03
1.535626142158366974e+03
1.323040216873286681e+03
2.278349636839690447e+03
1.697636731680000139e+03
1.327133535427562492e+03
1.321289418230121328e+03
7.459309626878241488e+02
3.072069632418701531e+03
1.321227714117210326e+03
6.345670040347271197e+02
1.663398582859875432e+03
7.060695986950231600e+03
1.494091315645337545e+03
2.420870828600962341e+03
6.141915156844186640e+03
1.321604214944288742e+03
1.328086729474156982e+03
4.743563816574263001e+03
1.475740205209604028e+03
2.789786851891455626e+03
6.277979903764064147e+03
5.860075239226332542e+02
1.328473165223149408e+03
3.699602265563596120e+03
1.120975894681679165e+03
1.323673600081761606e+03
1.321276108433287845e+03
1.694210779334025347e+03
1.112512827704746087e+03
3.012853552936981032e+03
1.995335110816371753e+03
3.382323967346766040e+03
1.321221173412723147e+03
1.321276108433287845e+03
1.532430396253248318e+03
3.012896939291810213e+03
1.321221173412723147e+03
1.321280795186046817e+03
4.175052847456178824e+03
1.321204561585536794e+03
1.321276108433287845e+03
4.175031548876232591e+03
1.321204561585536794e+03
1.321278388867739750e+03
3.012882607899075538e+03
2.642515724245074580e+03
1.321205447614209334e+03
1.936834670774612732e+03
5.287981001604506673e+03
6.742738721828844973e+03
7.051546535092826161e+03
2.572635477236090082e+03
1.321276205267022533e+03
5.032765738614807560e+03
2.739959664026136579e+03
3.178833395408246361e+02
1.321177787057894420e+03
1.378134225377768871e+03
1.321276108433287845e+03
2.435361987803692500e+03
1.113784770511309262e+03
1.325066396693039223e+03
1.321276108433287845e+03
3.968842101746721710e+03
1.324505646987609680e+03
1.321276108433287845e+03
3.967071202409555553e+03
1.321351032541346740e+03
1.321276108433287845e+03
9.249462831833187010e+03
1.321676165922491691e+03
3.368539567074012211e+03
1.850353140992329145e+03
3.030101723888111337e+03
1.322668099695676347e+03
1.324706989610680012e+03
1.903297562262089741e+03
4.028712482025674944e+03
2.320326817911504804e+03
1.729356428510710657e+03
1.321284039116158965e+03
4.847967582667673923e+03
4.260636017536892723e+03
2.847145933627066825e+03
1.321177787057894420e+03
5.306651060440405672e+03
5.894191890170657643e+03
1.332480110557571152e+03
1.321276108433287845e+03
1.914526684680091876e+03
3.605575045283425425e+03
1.327797264562761029e+03
1.321177787057894420e+03
1.910154199710168086e+03
1.922182032783282011e+03
7.580867210213272074e+02
1.334720374753742135e+03
1.321276108433287845e+03
9.263647881565235366e+03
1.332458754435682749e+03
1.323503698408502260e+03
3.979247673394286267e+03
1.333414296537815289e+03
1.321477266895217554e+03
3.978263818014700064e+03
1.331230487725203147e+03
1.324792298712826550e+03
1.124477757547971123e+03
2.446338226943864811e+03
1.388908247717426775e+03
3.181097855021791361e+02
2.955907594213966149e+03
2.406798688208811654e+03
1.323887402350869252e+03
4.498377649069238942e+03
2.039694206639825325e+03
2.056823693680050837e+03
7.076154415054366837e+03
6.048339116591296261e+03
6.048339116591296261e+03
1.907486647587528523e+03
1.324241012561258458e+03
2.854856434080447343e+03
1.382809378145811706e+03
1.321276108433287845e+03
3.761819431575187082e+03
2.438731079425826920e+03
1.321424120092530529e+03
5.664642832704304055e+03
1.540833487823987070e+03
2.066423978722225911e+03
1.342949548808036070e+03
4.711559003633886277e+03
3.012820779145183224e+03
1.380462481592604945e+03
4.550821397240221813e+03
1.907889915527795210e+03
1.422910726600468479e+03
5.294797355261625853e+03
2.275413507188105541e+03
4.154615104989115025e+03
2.896338258816679172e+03
1.326815922596662858e+03
2.993266614205046608e+03
2.177104654553214914e+03
3.112193313805103116e+03
9.299569357166448754e+03
8.416897981871128650e+03
8.416897981871128650e+03
3.151570948072521787e+03
1.931111332392114036e+03
1.321186579146713257e+03
1.321145013266096612e+03
1.813627812149441979e+03
2.202225686526774098e+03
2.273738457959475454e+03
1.329695599668398700e+03
4.556977948204513268e+03
3.020211686715414999e+03
1.473068882053425114e+03
4.553116018500169957e+03
1.909588853071864605e+03
1.691422747098462878e+03
5.084108319601291441e+03
3.019251398179745138e+03
1.321810315288037600e+03
5.663845354340375707e+03
1.905587353505860165e+03
1.321276108433287845e+03
4.337590868928597047e+03
1.746612010822949287e+03
2.641243430955989311e+02
3.956154812178990142e+03
1.329941976869672999e+03
4.188744981696221657e+03
7.020610891160238680e+03
3.416869930044567354e+03
5.285156918031645546e+03
1.321279149012557127e+03
6.085489112776138427e+03
1.328991508974689395e+03
2.268448403907240390e+03
1.634331580806911688e+03
5.082076306388159537e+03
2.642521234498869489e+03
5.285143269316740771e+03
1.324798465615082478e+03
5.285138998949041707e+03
1.321215809238112570e+03
1.322519747396040202e+03
1.323310951093036920e+03
5.074519300845417092e+03
3.825565143032797550e+03
1.321210560849692229e+03
1.321276108433287845e+03
3.201724586047719640e+03
6.420559533310681218e+03
2.642548144593740290e+03
5.285138998949041707e+03
2.642531135748241923e+03
5.285149263324919048e+03
1.321277289804851080e+03
5.285148900198413685e+03
2.218658730556641331e+03
2.592798906621027527e+03
1.321216748525338971e+03
4.894832517401173391e+03
3.467158177521425841e+03
3.857723218090879072e+03
6.648349522635440735e+03
3.311484816960364242e+03
9.897729659723607256e+03
4.125072355366544798e+03
3.857723218090879072e+03
5.077595139799908793e+03
6.050803720617112049e+03
4.338063762527815925e+03
4.123272539475887243e+03
3.488357326014320734e+03
6.669835208421116477e+03
4.556377140870094991e+03
4.589251401471410645e+03
3.488357326014320734e+03
6.834409955922406880e+03
2.654770997012525186e+03
8.043543575432155194e+03
4.603047262899005545e+03
1.544394676475765891e+03
3.149088690151724677e+03
3.480292669189289427e+03
1.321724266178814787e+03
1.322422320054917918e+03
5.377242502902966407e+03
6.024896428548452604e+03
1.321109246897605544e+03
2.642519443074777882e+03
5.285165909043911597e+03
4.786334039146311625e+03
5.285825487755821086e+03
3.669601890699017076e+03
2.642519443074777882e+03
5.285161493425610388e+03
3.752946146152401525e+03
2.642543728975438626e+03
5.285160844639587594e+03
2.642672392205286087e+03
5.285168596180049462e+03
1.326346492513620206e+03
1.008178636439227012e+04
5.386181942817649542e+03
1.321276108433287845e+03
1.321210560849692229e+03
1.321405557790121293e+03
1.321210560849692229e+03
1.110001338009167057e+03
1.110001338009167057e+03
1.110001338009167057e+03
4.336929954284227279e+03
1.536095249207723327e+03
1.535177616339796259e+03
9.543715719448213122e+02
1.322467820505769168e+03
9.536240457238117187e+02
1.323535568818483398e+03
1.323909075554518722e+03
1.321214574607995246e+03
7.396372286416647057e+02
7.396384681134687753e+02
1.532422557976716234e+03
1.532423797448520190e+03
1.110004112295665891e+03
4.550750633967150861e+03
1.913411750125406797e+03
1.321276108433287845e+03
1.907919831234503590e+03
1.331637305923067743e+03
1.323740925618539222e+03
1.323701705215918764e+03
3.231214150879771296e+03
3.004552065319724989e+03
6.621526498047409405e+03
1.321245237010085475e+03
1.321276108433287845e+03
1.335545567495585601e+03
3.393619629247449211e+03
5.285156094944901270e+03
4.915459293274047923e+03
3.520875715107119959e+03
7.431076339997064679e+03
1.321369743370566084e+03
1.321276108433287845e+03
7.341280361858180186e+03
2.296972230262275389e+03
6.116446769446592043e+03
3.475600417180348813e+03
5.285285759114475695e+03
1.110031201532945943e+03
4.175043890750011087e+03
1.328878372879967174e+03
1.110044622688574464e+03
1.321233326460718217e+03
1.321280824236167291e+03
1.328551944924150121e+03
3.012909092339805284e+03
2.934263196585705828e+03
2.451793620101413126e+03
3.019528950874383554e+03
3.608444518109171440e+03
6.814265877880113294e+03
1.110001338009167057e+03
3.484246945862623306e+03
2.265052699934665270e+03
5.073928798087795258e+03
2.149407693425439447e+03
2.265052699934665270e+03
1.453731985877592933e+03
2.642519443074777882e+03
1.110005351767470074e+03
2.149407693425439447e+03
3.026646707169202273e+03
1.365374951896691982e+03
1.405748148524823591e+03
2.642519443074777882e+03
4.069933432508847545e+03
3.226736042387051384e+03
5.660957558780925865e+03
1.330101057429207458e+03
4.069933432508847545e+03
3.394550410415442911e+03
3.675242883420930411e+03
7.397176152644277636e+02
4.914789211290898493e+03
3.388707856417835501e+03
2.963789940426654539e+03
8.667487747705679794e+03
1.325677510834617124e+03
2.726505452569675072e+03
2.370484359124719504e+03
1.321276108433287845e+03
2.139189369506756975e+03
4.711788621229758064e+03
4.877540442968699608e+03
2.642519443074777882e+03
7.296925869356891781e+03
2.139189369506756975e+03
5.285138998949041707e+03
2.642521234498869489e+03
5.285160728439105696e+03
2.084041875346808865e+03
4.175056406510219858e+03
7.396407969647880236e+02
1.321276108433287845e+03
3.022476681779888168e+03
1.920571161076357157e+03
7.435326743776175817e+02
7.188060875307287461e+03
7.403527575842871329e+02
2.060943336580251071e+03
4.545410774404012045e+03
1.321276108433287845e+03
7.396344543551657580e+02
4.334195208953864494e+03
5.857884731468617247e+03
4.545404431794389893e+03
6.817655312590560243e+03
4.751760544652523095e+03
5.073927984684423791e+03
2.642538834030149701e+03
2.281583701174790804e+03
2.854850619701237520e+03
1.909242063121255342e+03
1.912188681988104008e+03
2.643660161545380106e+03
3.012892107702739850e+03
2.865557452303733498e+03
3.012886326728779295e+03
2.642525224048739346e+03
5.657621310585210267e+03
2.272152559420776470e+03
2.646284093566999672e+03
2.272187385673458266e+03
7.192481789312888395e+03
6.817655312590560243e+03
4.545404431794389893e+03
1.908437298233621277e+03
8.667487747705679794e+03
4.334195208953864494e+03
1.902786667344218358e+03
7.396344543551657580e+02
2.642945534335688535e+03
5.400276193495406005e+03
1.594602198362698800e+03
5.285560509391775668e+03
1.321810512419272527e+03
1.321276108433287845e+03
1.321642262640541958e+03
1.533016492048968303e+03
4.546072582108006827e+03
1.532447976832072754e+03
2.272152559420776470e+03
9.527019653825548176e+02
2.272152559420776470e+03
4.175037548140388935e+03
3.615877291549750680e+03
4.175037548140388935e+03
2.642519443074777882e+03
4.538306893900160503e+03
2.862884619581887364e+03
2.642519443074777882e+03
2.642607847432865128e+03
2.643729046433087660e+03
1.323748521623787155e+03
2.642519443074777882e+03
2.854340700417817061e+03
2.642611425439361483e+03
2.655933523736686766e+03
1.323260152224312151e+03
2.642519443074777882e+03
1.555051332297588942e+03
2.274205940339999415e+03
1.110094588895675543e+03
1.691591054485104223e+03
1.165214782329144327e+03
5.074021235570931822e+03
1.321200309341709726e+03
2.431310220234252483e+03
1.907023095571413933e+03
5.166887243840363226e+03
1.907381316095801822e+03
1.322119346782117873e+03
2.484362773838744488e+03
1.902786667344218358e+03
1.297692401658362314e+03
5.496347088834870192e+03
2.060943336580251071e+03
1.113061106258722020e+03
9.244899960502838212e+02
1.322337694675006787e+03
7.427900925897014304e+02
1.511908941816185688e+03
1.323693215017550756e+03
1.322443471942521001e+03
1.512422650672477630e+03
6.068334986012047011e+03
4.371338751694185703e+03
7.927754971975119588e+03
2.642597440450840168e+03
1.325592224609075856e+03
5.285174861322683682e+03
2.642557096872512830e+03
5.285142199303973030e+03
1.321276108433287845e+03
1.691622118747193554e+03
1.110041746726654083e+03
1.321142383401617053e+03
2.642519443074777882e+03
9.537728075673695685e+02
4.557485709563029559e+03
1.334010367785400376e+03
2.642519443074777882e+03
3.402499663282483198e+03
2.774950151445445954e+03
6.878540084157668389e+03
2.727810603075532072e+03
2.657978573339249579e+03
2.643331949112606253e+03
5.285160897898141229e+03
2.647702913674259435e+03
2.652960290277163494e+03
5.285145162416253697e+03
5.285890572360486658e+03
1.110001338009167057e+03
5.285164006261025861e+03
5.285158772397665416e+03
1.903283181753919052e+03
1.696137530655494629e+03
1.323347683809469800e+03
1.692076835524465878e+03
2.857356366102484571e+03
2.139646520775925637e+03
2.854217557622561799e+03
7.429604812821812629e+02
2.642551315898551366e+03
5.285170387604141069e+03
1.321276108433287845e+03
5.285169080348722673e+03
1.321243740928884336e+03
1.321318911142068373e+03
1.321237746920706968e+03
2.272176482194932305e+03
4.545422065217477211e+03
2.272179745491790982e+03
1.902800475834785402e+03
5.297846921829363055e+03
1.902786667344218358e+03
3.752632910949905181e+03
6.082806815383397407e+03
3.752619102459338137e+03
2.642521079564894080e+03
7.312785300982362060e+03
5.289879111355315217e+03
2.642554041768183197e+03
2.642521079564894080e+03
5.285137207524949190e+03
5.286450034554608465e+03
2.642624893595541835e+03
5.285165981669212670e+03
5.285498301154142609e+03
5.285137207524949190e+03
5.285148115845161556e+03
5.285165981669212670e+03
5.285158772397665416e+03
9.039498572297377450e+02
5.285148115845161556e+03
5.285190838888907820e+03
5.288854096226493311e+03
5.496347490694868611e+03
5.285155184707794433e+03
1.904309390307357944e+03
4.545409026555101264e+03
1.322984135065522878e+03
1.902808580818379369e+03
1.321264192213651313e+03
1.322272204932535715e+03
1.321232474323853012e+03
1.321264192213651313e+03
5.434263197968090935e+03
2.642519443074777882e+03
1.321471926981098477e+03
5.285155688243215081e+03
9.452370643958965957e+03
2.642537923793043774e+03
5.285139444384220042e+03
4.548488114871847756e+03
7.400401530525862199e+02
2.642559294998290170e+03
5.285169244966072256e+03
1.321297407013233396e+03
5.285177059448461478e+03
1.321221299710869516e+03
1.325623302725299709e+03
1.321250412773204744e+03
2.272163298281953757e+03
5.285182027019051020e+03
2.276123664008533524e+03
1.902786667344218358e+03
6.029351677131047836e+03
1.902815170354024758e+03
3.752619102459338137e+03
2.090922311668529346e+03
2.642519443074777882e+03
6.082806815383397407e+03
3.752647605469144764e+03
2.650612310509402960e+03
5.290267258339576983e+03
2.642524705988258575e+03
2.643378729095159542e+03
5.285137207524949190e+03
5.286475740248716647e+03
2.642524705988258575e+03
5.285142465596743023e+03
5.285162863622956138e+03
5.285137207524949190e+03
5.285142470438429882e+03
5.285150420488047530e+03
5.285150817506359999e+03
1.323543248382601632e+03
2.642519443074777882e+03
5.724670305366147659e+03
5.285142470438429882e+03
3.753527426978449967e+03
1.325143868233602916e+03
3.752623087167520680e+03
1.533537226580160677e+03
1.321624365227928593e+03
7.427838898175174336e+02
1.537173612945967307e+03
1.903046986634562700e+03
5.285137865994344793e+03
1.323807355528690778e+03
1.908710940886715889e+03
1.321210560849692229e+03
1.321276108433287845e+03
1.325120150263517644e+03
1.321762315020082042e+03
4.019425942851426953e+03
2.642519443074777882e+03
1.036783585903123821e+04
1.325120150263517644e+03
5.285159116157423341e+03
2.642541351707252034e+03
5.287046720256865228e+03
2.642542639595923447e+03
5.285155426792131038e+03
1.321276108433287845e+03
5.285160404046095209e+03
1.321228780116874304e+03
1.322907206561044859e+03
1.321231476936385661e+03
1.532431355321512910e+03
1.532440699776910606e+03
1.110012909640462794e+03
6.024876974651152523e+03
1.110022254095860490e+03
5.285142286454333771e+03
5.294196313993707918e+03
1.321206971502656643e+03
2.642519443074777882e+03
5.288469515749387028e+03
2.642565080813938039e+03
7.287537388916171039e+03
5.285137207524949190e+03
2.644366165435536004e+03
2.642565080813938039e+03
5.285137207524949190e+03
5.285168722063905079e+03
2.644505639528793381e+03
5.285161638676212533e+03
5.285366112240993061e+03
5.285137207524949190e+03
5.288314352578095168e+03
5.285161638676212533e+03
5.285150817506359999e+03
1.321178255458633657e+03
2.642519443074777882e+03
5.287902770117273576e+03
5.285162050219584671e+03
5.290282274559921461e+03
5.285138267854344122e+03
5.285155233124662118e+03
2.317938114716797827e+03
7.828509342416492473e+03
1.321276108433287845e+03
3.028737009172411945e+03
3.824744280744887419e+03
1.321276108433287845e+03
1.612058312032460208e+03
5.755813612576374908e+03
3.291804624805572985e+03
1.612058312032460208e+03
4.709868615142170711e+03
4.301479122793477472e+03
2.642519443074777882e+03
2.829771388944182036e+03
5.285155620459600868e+03
2.393742888166189459e+03
2.642537856009429561e+03
5.285171496350403686e+03
3.269725094647391870e+03
1.532440312441971855e+03
5.285138321112898666e+03
4.494681959304582051e+03
5.285161590259344848e+03
7.163917701690981630e+03
1.532444166424612604e+03
1.321277502839067211e+03
3.371971591831469141e+03
1.460819109409961357e+03
3.035886256370491992e+03
3.082732272848720186e+03
4.862068653501352742e+02
1.321417193662707632e+03
2.642519443074777882e+03
5.285154201845388343e+03
4.064365510484568404e+03
3.645150651886358446e+03
2.643997558320909775e+03
5.505488958975235619e+03
2.642582317218713342e+03
5.285172014410884003e+03
5.285137207524949190e+03
3.685160274416808988e+03
2.642582317218713342e+03
5.285175330966297224e+03
3.685009973770860597e+03
5.580237290283257607e+03
5.285859186737981872e+03
5.285137207524949190e+03
6.680705047900531099e+03
5.464350209167658249e+03
5.285163342949942489e+03
1.323207528197112197e+03
2.853728665915302827e+03
5.288797132194461483e+03
6.511425544485813589e+03
5.285180966689656088e+03
2.156914984650827137e+03
2.800676112310810822e+03
7.063214976386971102e+03
2.857684904188271503e+03
5.285155988427793091e+03
1.321276108433287845e+03
2.879424822862056772e+03
1.339992664526960198e+03
1.497546936052740421e+03
1.321221624103880913e+03
5.820569722563692494e+02
5.286385940374610982e+03
5.814904848634377004e+02
5.285138998949041707e+03
2.642521234498869489e+03
5.285172169344859867e+03
2.642554249960713150e+03
5.285192131619266547e+03
2.643244998522751303e+03
5.286022428567733186e+03
2.642545578499771182e+03
5.285155368691890544e+03
2.642563202239484781e+03
5.285192853030589504e+03
2.642538223977621783e+03
5.286029690991757889e+03
