7.093138827736743224e+03
8.344370482576188806e+03
7.380090416573935727e+03
9.560988898706713371e+03
5.287260866021578295e+03
6.852680232018804418e+03
7.123169249659163142e+03
2.641076583688590745e+03
2.645883604655388353e+03
2.641076300047240238e+03
2.641063952465861348e+03
2.641062791372851279e+03
2.641071761785632589e+03
2.641071810759678556e+03
2.641062603639007648e+03
2.641064403435202621e+03
2.641070155845036879e+03
2.641066929679748227e+03
2.641075077736672029e+03
2.733836319100599667e+03
2.641075832753216673e+03
2.641075351175096330e+03
2.641069527344778180e+03
2.641072125009808133e+03
2.641895131128931553e+03
2.643855810612673395e+03
2.641069502857755197e+03
2.641085301068800163e+03
2.643868397278423345e+03
4.084989019940585877e+03
3.542499394077170109e+03
4.661746164556617259e+03
4.389774661733111316e+03
4.480422291474770645e+03
1.320483162432699146e+03
1.379447773917973336e+03
1.524417337569650499e+03
1.445939205109382783e+03
1.493538973845434612e+03
6.120173128814493793e+03
4.838661816188204284e+03
1.341350228191177621e+03
1.322338174361678966e+03
1.322248540939228178e+03
1.325340721579308592e+03
1.325395037477682081e+03
1.320505135454726542e+03
5.959260537607113292e+03
4.492614010653689547e+03
1.709674229448595270e+03
2.403850085639349800e+03
1.323840914091897957e+03
1.326819820676982772e+03
4.566441330059440588e+03
3.939676419318586341e+03
3.638067865852559862e+03
1.322234699208699112e+03
2.121831515374300579e+03
1.324715614196242768e+03
3.855569193620807710e+03
3.855569193620807710e+03
3.486414984144375012e+03
3.486414984144375012e+03
2.641061848622463003e+03
2.641061848622463003e+03
2.641061848622463003e+03
2.641061848622463003e+03
4.067657790935180856e+03
4.067657790935180856e+03
2.641061848622463003e+03
7.923268423244588121e+03
2.641061848622463003e+03
2.641061848622463003e+03
2.641061848622463003e+03
2.641061848622463003e+03
2.429973669219950352e+03
2.482995818548543411e+03
2.641061848622463003e+03
2.641094721524874330e+03
2.641061848622463003e+03
2.641061848622463003e+03
2.641061848622463003e+03
2.641061848622463003e+03
2.641061848622463003e+03
2.641061848622463003e+03
2.645166371444135621e+03
2.641061848622463003e+03
2.852150028024976109e+03
2.799127878696383050e+03
1.320482579174532020e+03
1.320482579174532020e+03
1.321138677722532293e+03
1.334702305533844992e+03
1.320482579174532020e+03
1.339611615679397801e+03
1.323803760362474122e+03
1.896619628257026989e+03
1.323686838636614084e+03
1.320482579174532020e+03
1.320517434411274962e+03
1.320482579174532020e+03
1.025356068938240060e+04
1.059302957117775622e+04
4.946937980585326841e+03
1.320496392070731872e+03
3.980006734371958828e+03
3.385358968425544390e+03
1.331508490302793462e+03
1.320537830759331655e+03
8.519574256667818190e+03
1.320951794522296950e+03
1.320537871571036703e+03
6.815557292694220450e+03
1.320846518734123492e+03
1.510743362207748305e+03
1.350255262644462164e+03
2.294483066436806439e+03
2.950694673009580129e+03
7.715564721894176728e+03
6.419100970863404655e+03
6.751765806697268999e+03
2.587394795894653271e+03
1.320496392070731872e+03
1.622370840288430827e+03
1.321432923556806600e+03
1.323160669617847589e+03
6.819150399966785699e+03
1.321203607686068381e+03
1.327289057319484755e+03
8.513519932485944082e+03
1.325736042062503202e+03
3.537280181247148903e+03
2.610085828621758537e+03
3.203939578481341414e+03
4.170110599057493346e+03
1.830284644612492912e+03
8.681573326801400981e+03
7.698650983423499383e+03
8.034769618879194240e+03
1.400393307887315814e+03
1.320537830759331655e+03
1.187745369353230899e+03
1.615771740302410535e+03
1.693774739762259742e+03
1.346169130928718914e+03
1.320496392070731872e+03
4.194424389984223126e+03
1.323348676362378683e+03
1.320537830759331655e+03
6.025536673683080153e+03
1.323348676362378683e+03
1.324020420063096026e+03
3.020191653823094384e+03
1.323661309005705334e+03
1.334292681160957500e+03
1.919790162789896613e+03
1.337755343114003381e+03
1.320538313548547876e+03
3.770186618081205779e+03
1.320482579174532020e+03
1.320482579174532020e+03
1.328012089016444179e+03
3.769089549012717271e+03
1.333806854220724290e+03
1.320537830759331655e+03
1.915987825186966347e+03
1.326083739168161856e+03
1.320537830759331655e+03
3.018339776966505724e+03
1.321198170477566464e+03
1.320537830759331655e+03
6.022063784968419895e+03
1.321198170477566464e+03
1.362005533739250950e+03
3.420752235990717963e+03
1.708464090200835699e+03
1.320496392070731872e+03
1.321667117428180745e+03
1.563415279404393004e+03
1.140101091004889213e+03
1.349686190987709779e+03
3.732195313361115041e+03
7.427942911345281573e+03
5.923757990779904503e+03
6.253703864830582461e+03
1.334457278247858540e+03
1.327038750164359044e+03
2.665729702570264180e+03
3.036230412105443065e+03
1.336733371285880594e+03
1.320537830759331655e+03
4.191758210960879296e+03
1.325502628036105307e+03
1.320543660711405437e+03
4.181175011418637041e+03
1.324976228894517135e+03
1.320537830759331655e+03
3.016807156895521985e+03
1.536294955260823826e+03
1.324816509807034208e+03
1.439229156575167053e+03
4.181443470134573545e+03
1.538728858978588050e+03
1.324689039475839536e+03
2.284993316110092110e+03
1.704043736858172451e+03
1.333244903397110193e+03
1.320543440328197903e+03
7.519737846622549569e+02
3.079833890521474586e+03
1.320517434411274962e+03
6.352227213989060601e+02
1.655430446704961923e+03
7.153212214319734812e+03
1.492040507692882329e+03
2.480903143121647645e+03
6.222133361383516785e+03
1.320676115069152047e+03
1.335816341778557216e+03
4.758516510554339220e+03
1.484479235573161532e+03
2.873535555312046654e+03
6.390811468195883208e+03
5.900792661015573231e+02
1.339617350316741749e+03
3.697518216769707124e+03
1.137976138873621267e+03
1.325859168296148709e+03
1.320537830759331655e+03
1.696666318496561189e+03
1.114664972754375412e+03
3.011742511389375977e+03
2.029576187098143464e+03
3.381147507255817800e+03
1.320514677755203138e+03
1.320537830759331655e+03
1.531602857157716244e+03
3.011220948799027155e+03
1.320514677755203138e+03
1.320539806045858541e+03
4.172708119755306143e+03
1.320507676507192627e+03
1.320537830759331655e+03
4.172699143220767837e+03
1.320507676507192627e+03
1.320538791874986828e+03
3.011214908666671818e+03
2.641060281278379534e+03
1.320508049934294604e+03
1.975867736971950990e+03
5.289730767775781715e+03
6.826443699831793310e+03
7.160520067188544090e+03
2.632816842733885096e+03
1.320537871571036703e+03
5.101996151735416788e+03
2.779180150504491394e+03
3.173722937358585341e+02
1.321002637655434455e+03
1.381997510843571717e+03
1.320537830759331655e+03
2.439577365152747007e+03
1.117403742281404902e+03
1.328888555887112943e+03
1.320794674599931795e+03
3.974307055188271988e+03
1.327006079991138449e+03
1.320537830759331655e+03
3.969724592397425113e+03
1.325923543651126010e+03
1.320537830759331655e+03
9.250420691714509303e+03
1.326371839813292581e+03
3.487234796243066285e+03
1.889737249644017311e+03
3.078738022990774880e+03
1.323933926870868390e+03
1.328116452326291210e+03
1.903668402402981883e+03
4.061946046681633106e+03
2.349760851678764993e+03
1.752627172883962885e+03
1.320541173237979365e+03
4.883078935773825833e+03
4.294951251888274783e+03
2.948337094900927696e+03
1.320496392070731872e+03
5.417289852951970715e+03
6.005943968073718679e+03
1.345731355229832843e+03
1.320537830759331655e+03
1.928691871647100015e+03
3.620207848552353425e+03
1.334943075554121151e+03
1.320496392070731872e+03
1.918497438853303493e+03
1.946779516215830654e+03
7.802639245964296606e+02
1.350960948812157540e+03
1.320537830759331655e+03
9.279639315590364276e+03
1.345667949548486831e+03
1.325935106642446044e+03
3.998308144410955720e+03
1.346012838875139551e+03
1.321369595225346757e+03
3.993979794917463096e+03
1.342808303760324407e+03
1.334188392804514251e+03
1.147078150073651841e+03
2.470356192742745407e+03
1.411993137790960191e+03
3.178922935733274926e+02
3.048944094348868475e+03
2.429275034619070539e+03
1.326576653418743035e+03
4.538877604992213492e+03
2.071769810813617823e+03
2.103467799741872568e+03
7.186833705184612882e+03
6.086244438223086945e+03
6.086244438223086945e+03
1.912249632927122775e+03
1.326510982612725456e+03
2.855970110749502055e+03
1.391357004531956363e+03
1.320537830759331655e+03
3.771635298605598109e+03
2.443762601791273937e+03
1.321222055209270820e+03
5.671404944793772302e+03
1.546801877349462984e+03
2.071712593312312492e+03
1.343368248857903382e+03
4.719755832047633703e+03
3.011188850218356038e+03
1.396445933326637487e+03
4.556226847228010229e+03
1.913086246572878963e+03
1.430358932988376864e+03
5.306026437710760547e+03
2.278544911122164649e+03
4.322402214122887926e+03
2.989410099261749565e+03
1.334696731926447910e+03
3.056995030337767730e+03
2.206380309925205893e+03
3.198405567357131986e+03
9.560988898706713371e+03
8.616203884963384553e+03
8.616203884963384553e+03
3.265408643970048615e+03
1.948894485785960796e+03
1.321138677722532293e+03
1.320482579174532020e+03
1.814677743863122487e+03
2.230351373492975654e+03
2.271575616640894168e+03
1.345877171890258751e+03
4.570276634845482477e+03
3.028308440870559934e+03
1.476605897984337844e+03
4.561395929563135724e+03
1.916474791342236813e+03
1.711411345903542269e+03
5.094991477654843038e+03
3.026374300433500593e+03
1.321868596247163396e+03
5.672756580510060303e+03
1.906151077158227963e+03
1.320537830759331655e+03
4.338209823673000756e+03
1.747340773820521008e+03
2.640524058455998784e+02
4.116881913942168467e+03
1.344930676335037560e+03
4.254364547234618840e+03
7.123169249659163142e+03
3.459764262422129377e+03
5.282173443156099893e+03
1.320539112246871809e+03
6.131761422307403336e+03
1.338145011645426393e+03
2.319201332223935879e+03
1.644872149783786881e+03
5.090958802857932824e+03
2.641062603639007648e+03
5.282167690746265180e+03
1.331678258213488789e+03
5.282165890950070207e+03
1.320512416961348436e+03
1.323661462467692900e+03
1.326269909362720227e+03
5.073602225448417812e+03
3.972775940598128273e+03
1.320510204966931724e+03
1.320537830759331655e+03
3.288938684978740639e+03
6.496612846783327768e+03
2.641073945211855516e+03
5.282165890950070207e+03
2.641066776635854239e+03
5.282170216990811241e+03
1.320538328662133836e+03
5.282170063946917253e+03
2.249825799780857778e+03
2.664430710680892389e+03
1.320512812834887882e+03
5.009526750484382319e+03
3.534992374619576367e+03
3.855569193620807710e+03
6.732123579487452844e+03
3.333081461239214150e+03
9.916596570459885697e+03
4.223009087594515222e+03
3.855569193620807710e+03
5.082920922534649435e+03
6.238908973574111769e+03
4.341055247912569939e+03
4.236032025696734308e+03
3.486414984144375012e+03
6.898187258069958261e+03
4.569238382553574411e+03
4.732044359986536620e+03
3.486414984144375012e+03
6.931704586529198423e+03
2.670017704332978155e+03
8.111375046269025916e+03
4.701230362688977948e+03
1.559261818324431260e+03
3.273815189985951747e+03
3.574434393433832156e+03
1.322215675367720905e+03
1.323440505219267607e+03
5.599732537001475066e+03
6.021485118474914088e+03
1.320467505022036676e+03
2.641061848622463003e+03
5.282177232522918530e+03
5.002604709846890728e+03
5.285047208056826094e+03
3.740196752621934593e+03
2.641061848622463003e+03
5.282175371509165416e+03
3.752081521413454993e+03
2.641072084198102857e+03
5.282175098070741114e+03
2.642166733665069842e+03
5.282178365047734587e+03
1.333353033552277793e+03
1.010765032347821216e+04
5.572976555803330484e+03
1.320537830759331655e+03
1.320510204966931724e+03
1.321171038425516144e+03
1.320510204966931724e+03
1.109422025564418846e+03
1.109422025564418846e+03
1.109422025564418846e+03
4.340676895530081310e+03
1.539531854588236683e+03
1.539485763734718148e+03
9.574718958004455089e+02
1.323543947939302598e+03
9.576232291283382665e+02
1.325972240661109026e+03
1.326895787629443475e+03
1.320511896612108330e+03
7.392685674314769813e+02
7.392690898213023729e+02
1.531599553624795817e+03
1.531600076014620981e+03
1.109423194819770060e+03
4.555903940535991751e+03
1.926395067961913355e+03
1.320537830759331655e+03
1.913532697889583687e+03
1.344260894072880319e+03
1.326499544540796478e+03
1.326073727288396412e+03
3.239231824192481326e+03
3.100607989512247059e+03
6.639806316200299989e+03
1.320524819638529152e+03
1.320537830759331655e+03
1.353985165227651351e+03
3.408052720930262240e+03
5.282773906186453132e+03
4.914872600207535470e+03
3.650315907193814837e+03
7.634250570360210986e+03
1.321516421067206011e+03
1.320693779663711666e+03
7.681301257015827105e+03
2.366345521817435838e+03
6.410470975498432381e+03
3.552562595257209523e+03
5.283309149435252039e+03
1.109434611894272393e+03
4.172704344847191351e+03
1.343894437904496954e+03
1.109440268396599777e+03
1.320519799798801387e+03
1.320539818289370032e+03
1.341525221410871154e+03
3.011226070842626086e+03
3.025956739984349497e+03
2.470827030405417645e+03
3.031700874691743138e+03
3.647443708867302121e+03
6.899881321710438897e+03
1.109422025564418846e+03
3.518985172370693817e+03
2.298734143879617932e+03
5.071077299349335590e+03
2.182007190707352038e+03
2.298734143879617932e+03
1.446919802920658640e+03
2.641061848622463003e+03
1.109423717209595225e+03
2.182007190707352038e+03
3.043891919281260471e+03
1.371653482371689051e+03
1.400672998035635146e+03
2.641061848622463003e+03
4.067657790935180856e+03
3.228919840864966318e+03
5.665840547829014213e+03
1.338866783801488737e+03
4.067657790935180856e+03
3.409675483697850268e+03
3.739501530259082301e+03
7.404403702409886137e+02
4.912620317394678750e+03
3.433972204621245510e+03
3.013266912646277433e+03
8.662577260109314011e+03
1.331105560092089263e+03
2.757384159339080270e+03
2.410348267714507074e+03
1.320537830759331655e+03
2.169258155435632034e+03
4.891264999246957814e+03
5.023663124923725263e+03
2.641061848622463003e+03
7.601363615633441441e+03
2.169258155435632034e+03
5.282165890950070207e+03
2.641062603639007648e+03
5.282175049096695147e+03
2.128876538101057122e+03
4.172709619760075839e+03
7.392700713428099561e+02
1.320537830759331655e+03
3.033914659406088504e+03
1.944113094271365526e+03
7.473674031001771709e+02
7.185183882605189865e+03
7.408691391343851365e+02
2.059819041831657159e+03
4.543563112010243458e+03
1.320537830759331655e+03
7.395677915039605068e+02
4.331768119666287930e+03
5.889302392658631106e+03
4.542856299068800581e+03
6.813804958991570857e+03
4.844689417108044836e+03
5.071076956531012911e+03
2.641070021166409788e+03
2.293008246004812008e+03
2.868855185579287991e+03
1.943966238278392211e+03
1.923514705293140878e+03
2.657749458756791682e+03
3.011218912469550560e+03
2.867292735269781588e+03
3.011216476010755741e+03
2.641064285081257822e+03
5.658188602340358557e+03
2.270907221234170265e+03
2.650616106099696481e+03
2.271506449270971189e+03
7.195381250510477912e+03
6.813804958991570857e+03
4.542856299068800581e+03
1.914959359491619580e+03
8.662577260109314011e+03
4.331768119666287930e+03
1.901753011757737568e+03
7.392877885026672402e+02
2.642800418613311194e+03
5.402496819958327251e+03
1.607545331483311656e+03
5.284054946147781266e+03
1.322368950959729773e+03
1.320537830759331655e+03
1.321986361104349953e+03
1.533545315606554141e+03
4.545503892962348800e+03
1.531610266697385214e+03
2.270907221234170265e+03
9.532142861093024067e+02
2.270907221234170265e+03
4.172701671680507388e+03
3.644521354773550684e+03
4.172701671680507388e+03
2.641061848622463003e+03
4.630714324460392163e+03
2.873812225230956756e+03
2.641061848622463003e+03
2.641099107668636861e+03
2.663102987368018603e+03
1.324967867528248235e+03
2.641061848622463003e+03
2.854386909031148207e+03
2.642854888265613681e+03
2.654654606256125135e+03
1.324462920804814985e+03
2.641061848622463003e+03
1.583743928078939007e+03
2.276049928260917568e+03
1.109496099436632448e+03
1.690670568440376883e+03
1.162944946851808254e+03
5.071147790041572080e+03
1.320505884349515100e+03
2.429973669219950352e+03
1.911581049293019760e+03
5.167721857294288384e+03
1.912408942705375239e+03
1.322236500092304823e+03
2.482995818548543411e+03
1.901753011757737568e+03
1.295541895488503542e+03
5.493253592855633542e+03
2.059819041831657159e+03
1.115874525817326457e+03
9.234864181599956510e+02
1.323248728457778498e+03
7.452810169240765390e+02
1.511859306205122493e+03
1.321852226828714720e+03
1.323094479544430669e+03
1.513120063286230561e+03
6.281209249428914518e+03
4.483909885869465143e+03
7.923268423244588121e+03
2.641094721524874330e+03
1.325688879500492703e+03
5.282181005565054875e+03
2.641077718253992316e+03
5.282167239776924362e+03
1.320537830759331655e+03
1.690683660835373757e+03
1.109439056288958000e+03
1.320481470787522767e+03
2.641061848622463003e+03
9.565833554191401618e+02
4.571889023849646037e+03
1.347248280131527281e+03
2.641061848622463003e+03
3.430738275235782567e+03
2.779240288660782426e+03
6.955728583448151767e+03
2.734864286856040508e+03
2.677700556401015547e+03
2.642098793624710652e+03
5.282398892598336715e+03
2.652926089899623094e+03
2.649463940907774486e+03
5.282168488615099704e+03
5.282552734967885044e+03
1.109422025564418846e+03
5.282176430572912977e+03
5.282174224700253035e+03
1.903621453908151125e+03
1.701126233421606230e+03
1.322863793140531470e+03
1.692479452140393278e+03
2.863647686780686854e+03
2.187019938075538448e+03
2.854171311300127400e+03
7.486791144898560333e+02
2.641075281795197498e+03
5.282179120064279232e+03
1.320537830759331655e+03
5.282178569106260511e+03
1.320524189097685166e+03
1.320917114063828876e+03
1.320521662853139333e+03
2.270917303765915676e+03
4.542863730880299045e+03
2.270918679120377419e+03
1.901758831506884917e+03
5.312832870317765810e+03
1.901753011757737568e+03
3.750531132624629208e+03
6.120375498138231706e+03
3.750525312875481177e+03
2.641062538340279389e+03
7.416264429437620493e+03
5.293046258449287052e+03
2.641076430644696302e+03
2.641062538340279389e+03
5.282165135933525562e+03
5.286700773418596327e+03
2.641106291972397230e+03
5.282177263131697146e+03
5.282317323048439903e+03
5.282165135933525562e+03
5.282169733372105838e+03
5.282177263131697146e+03
5.282178977386097358e+03
9.023941338208519483e+02
5.282169733372105838e+03
5.282187739496396716e+03
5.295664535221751066e+03
5.493253762224209822e+03
5.282172712626577777e+03
1.906219065386010470e+03
4.542858235584207250e+03
1.325920276555036025e+03
1.901762247446602032e+03
1.321327341328726561e+03
1.323070748653299916e+03
1.320519440655796416e+03
1.321327341328726561e+03
5.607330957045643117e+03
2.641061848622463003e+03
1.321756735174868027e+03
5.282172924847444847e+03
9.687116899331664172e+03
2.641069637536381833e+03
5.282166078683912929e+03
4.552122696458101018e+03
7.394383846164640772e+02
2.641608546019260302e+03
5.282178638486159798e+03
1.320546807293868824e+03
5.282701680520797709e+03
1.320514730985027654e+03
1.330975673471592017e+03
1.321077471829931483e+03
2.270911747252265741e+03
5.283793206564521824e+03
2.280355565378806659e+03
1.901753011757737568e+03
6.032792208589099573e+03
1.902156302132010751e+03
3.750525312875481177e+03
2.085779417898266729e+03
2.641061848622463003e+03
6.120375498138231706e+03
3.750911861988849068e+03
2.660066555365138811e+03
5.292628586378194996e+03
2.643223540820855305e+03
2.643958850700118546e+03
5.282165135933525562e+03
5.286706649620796270e+03
2.641064066738635574e+03
5.282167352009113529e+03
5.282175948994793544e+03
5.282165135933525562e+03
5.282167354049698588e+03
5.282405288524038042e+03
5.282170872018677983e+03
1.328111509011178214e+03
2.641061848622463003e+03
5.742324581177339496e+03
5.282266445645724161e+03
3.753400230699303847e+03
1.332539553361118806e+03
3.750590785809158660e+03
1.534376715771918953e+03
1.324207976043468079e+03
7.463973743633199547e+02
1.543976330291814065e+03
1.901862726354038614e+03
5.282165413453120891e+03
1.324661334435743129e+03
1.920770193631117991e+03
1.321017348513892557e+03
1.320537830759331655e+03
1.329356956722521318e+03
1.322319072666491593e+03
4.113194067219100361e+03
2.641061848622463003e+03
1.066030870234289068e+04
1.329356956722521318e+03
5.282174369581805877e+03
2.641071082270742409e+03
5.287492183047468643e+03
2.641071625066420893e+03
5.282172814655840739e+03
1.320537830759331655e+03
5.282174912377483452e+03
1.320517883689246901e+03
1.324541407118925008e+03
1.320519020295233986e+03
1.531603261368204585e+03
1.532071652755308833e+03
1.109426902563178601e+03
6.021476919403358806e+03
1.109913548240547470e+03
5.282167276507459064e+03
5.304145667657463491e+03
1.322196472214836604e+03
2.641061848622463003e+03
5.290770058791672454e+03
2.641081083179077723e+03
7.389747846639585987e+03
5.282165135933525562e+03
2.645868608087520442e+03
2.641081083179077723e+03
5.282165135933525562e+03
5.282178418102951582e+03
2.646164541846599604e+03
5.282175432726723557e+03
5.283535417101222265e+03
5.282165135933525562e+03
5.290369816494291626e+03
5.282175432726723557e+03
5.282170872018677983e+03
1.321330282946098123e+03
2.641061848622463003e+03
5.289433257610769942e+03
5.282175606176469955e+03
5.298078390972433226e+03
5.282165582821697171e+03
5.282279776530855088e+03
2.323448667890663728e+03
7.872226492274307020e+03
1.320537830759331655e+03
3.079205114423042232e+03
3.960559761177602468e+03
1.320537830759331655e+03
1.619598386508806925e+03
6.009258055840246016e+03
3.405721015163685479e+03
1.619598386508806925e+03
4.932095743921449866e+03
4.408056960102849189e+03
2.641061848622463003e+03
2.939499402281978746e+03
5.282172896279251290e+03
2.424928910004228783e+03
2.641069608968188277e+03
5.282179587358302342e+03
3.387624694302876378e+03
1.531607036450926216e+03
5.282165605268134641e+03
4.611555555893256496e+03
5.282175412320871146e+03
7.285106957803513069e+03
1.531608660756789504e+03
1.320538418447884851e+03
3.484863454206946244e+03
1.462398473790871549e+03
3.136891027293749175e+03
3.189234233086799577e+03
4.815878822973767797e+02
1.322204622750075941e+03
2.641061848622463003e+03
5.282172298387771662e+03
4.271064457274626875e+03
3.714749281727737525e+03
2.645166371444135621e+03
5.513162647018568350e+03
2.641088347662586330e+03
5.282179805700925499e+03
5.282165135933525562e+03
3.733010817006022990e+03
2.641088347662586330e+03
5.282689127898934203e+03
3.732642215971603036e+03
5.587343170482885398e+03
5.284936613472635145e+03
5.282165135933525562e+03
6.752581032929734647e+03
5.465103941244632551e+03
5.282176151012732589e+03
1.327493286585228816e+03
2.852150028024976109e+03
5.290699753888249688e+03
6.572126289857693337e+03
5.282183578743061844e+03
2.161651292387834019e+03
2.799127878696383050e+03
7.065873711072543301e+03
2.862246442123699126e+03
5.282173051363731247e+03
1.320537830759331655e+03
2.878483080103654174e+03
1.344990335107132523e+03
1.511733732181601908e+03
1.320514867704239805e+03
5.823253910568951142e+02
5.286119945625260698e+03
5.812067205573304136e+02
5.282165890950070207e+03
2.641062603639007648e+03
5.282179870999653758e+03
2.641076518389862485e+03
5.282990907557375976e+03
2.643585732797277615e+03
5.285249472739114026e+03
2.641072863701670485e+03
5.282172790168818210e+03
2.641080291431998830e+03
5.282188588379863177e+03
2.641069764052668233e+03
5.285263893330022256e+03
