7.124317153357083953e+03
8.419129139732171097e+03
7.420857030440478411e+03
9.680971080795732632e+03
5.291480153668145249e+03
6.876101229722430617e+03
7.155335595720433048e+03
2.640484943728769395e+03
2.649837846693164465e+03
2.640484815963416622e+03
2.640479254034308724e+03
2.640478731023622004e+03
2.640482771717781361e+03
2.640482793777986444e+03
2.640478646459504034e+03
2.640479457172026741e+03
2.640482048326903168e+03
2.640480595110918784e+03
2.640484265377474003e+03
2.728359400548344183e+03
2.641058211369330820e+03
2.640484388546950868e+03
2.640481765220942179e+03
2.640482935330966939e+03
2.642487131817797035e+03
2.645998933870224846e+03
2.640481754190840547e+03
2.640901580385266698e+03
2.646021893450706102e+03
3.979820347752497582e+03
3.451864074438273292e+03
4.619588044723282110e+03
4.309119864299237634e+03
4.399662944973736558e+03
1.320217638994717618e+03
1.346778062361810271e+03
1.492339509994071705e+03
1.436403916529430717e+03
1.466325005220991443e+03
6.043229764630878890e+03
4.751569705594211882e+03
1.354889600533781504e+03
1.321053223270499757e+03
1.364416325875738266e+03
1.325790584172499848e+03
1.325470411507839117e+03
1.320310498113072981e+03
5.884842156997889106e+03
4.396504309706840104e+03
1.670569049197725917e+03
2.306824669645930044e+03
1.323995837750367400e+03
1.328458275247054871e+03
4.472162096245615430e+03
3.833867151875072977e+03
3.529591989346577066e+03
1.321006613214028903e+03
2.046120237981534729e+03
1.322124133549482622e+03
3.854798378571551439e+03
3.854706838319862527e+03
3.485637375147324292e+03
3.485637375147324292e+03
2.640478306364681885e+03
2.640478306364681885e+03
2.640478306364681885e+03
2.640478306364681885e+03
4.066746746700832773e+03
4.066746746700832773e+03
2.640478306364681885e+03
7.921472250947346765e+03
2.640478306364681885e+03
2.640478306364681885e+03
2.640478306364681885e+03
2.640478306364681885e+03
2.429438586230791316e+03
2.482448563326033764e+03
2.640478306364681885e+03
2.640493113859946334e+03
2.640478306364681885e+03
2.640478306364681885e+03
2.640478306364681885e+03
2.640478306364681885e+03
2.640478306364681885e+03
2.640478306364681885e+03
2.648465691578781389e+03
2.640478306364681885e+03
2.851518026498572453e+03
2.798508049403330006e+03
1.320217376267914688e+03
1.320217376267914688e+03
1.320512913790616267e+03
1.346069003096499046e+03
1.320217376267914688e+03
1.356921228871611902e+03
1.324399317591955423e+03
1.843146738437848853e+03
1.324204437934948373e+03
1.320217376267914688e+03
1.320233076699430057e+03
1.320217376267914688e+03
1.039999910628883663e+04
1.076639536962701459e+04
4.955810731136753020e+03
1.320223598243465176e+03
3.979543398590170000e+03
3.375063779303696265e+03
1.339675147736955068e+03
1.320242264170116187e+03
8.534755334959312677e+03
1.322466943961211427e+03
1.320242282553620043e+03
6.815508983521407572e+03
1.322345483930942237e+03
1.547151337999631323e+03
1.376395166541643675e+03
2.317411608452002383e+03
2.926795524867253334e+03
7.778140198283537757e+03
6.429442210777304354e+03
6.780303355671212557e+03
2.558521714487224017e+03
1.320223598243465176e+03
1.586831402873272282e+03
1.320645455899102672e+03
1.324170085027839377e+03
6.822304966696066913e+03
1.320542161288009993e+03
1.334326921577119492e+03
8.520347012910267949e+03
1.328476421091829934e+03
3.575737395411668331e+03
2.590484898342541783e+03
3.193144333305114287e+03
4.167672779660766537e+03
1.836705839466161251e+03
8.780358086740079671e+03
7.750390304184191336e+03
8.109144757211439355e+03
1.437662035356868728e+03
1.320242264170116187e+03
1.225271484333529543e+03
1.655910980664623366e+03
1.695160430823086926e+03
1.331787802532867545e+03
1.320223598243465176e+03
4.175213903224293063e+03
1.324201307862509111e+03
1.320242264170116187e+03
6.029207009911642672e+03
1.324201307862509111e+03
1.327395006933938703e+03
3.027761550534534308e+03
1.324744416390316474e+03
1.352391331404351149e+03
1.938602075550168593e+03
1.354582100479888368e+03
1.320242481640996630e+03
3.792023770729726948e+03
1.320217376267914688e+03
1.320217376267914688e+03
1.331834051549587002e+03
3.787509531118276755e+03
1.344311147151676096e+03
1.320242264170116187e+03
1.928204938286545257e+03
1.329115446563387650e+03
1.320242264170116187e+03
3.025508236745044087e+03
1.321880644139951528e+03
1.320242264170116187e+03
6.024287140478561923e+03
1.321880644139951528e+03
1.409146946440034753e+03
3.463317696493630137e+03
1.723763438057309259e+03
1.320971566501191774e+03
1.320750947790204691e+03
1.598563974963050214e+03
1.173020522052080651e+03
1.382143673934516755e+03
3.769216724426749806e+03
7.480069311439467128e+03
5.921703022258560850e+03
6.266338683315791968e+03
1.345638570536541238e+03
1.333791423269385177e+03
2.690079232449579649e+03
3.061226661120068457e+03
1.350313795646873132e+03
1.320242264170116187e+03
4.210606348381583302e+03
1.328041729422617209e+03
1.320598802270734495e+03
4.188686388476173306e+03
1.327082464326665104e+03
1.320242264170116187e+03
3.021115646873250171e+03
1.538809881494949423e+03
1.326793868052051039e+03
1.435015088898604517e+03
4.189215743573339751e+03
1.543407194507735312e+03
1.328658212913020179e+03
2.297268338426741593e+03
1.715023663340336043e+03
1.343077529971183139e+03
1.320449279660654383e+03
7.606064743273236672e+02
3.095332515179325583e+03
1.320233076699430057e+03
6.345507709997049233e+02
1.602461214446257827e+03
7.159393006286161835e+03
1.470238897241764789e+03
2.488737119709635408e+03
6.221075193957366537e+03
1.320304553901555437e+03
1.348663157272048466e+03
4.772795799936122421e+03
1.487141354163411506e+03
2.891283387821966699e+03
6.420972225906012682e+03
5.948325493806767099e+02
1.356926158044284648e+03
3.696791020123609542e+03
1.167944588871181395e+03
1.328720575428003940e+03
1.320242264170116187e+03
1.700484525646869315e+03
1.117181586881662497e+03
3.012197050792448408e+03
2.029359635946616208e+03
3.381732530840217805e+03
1.320231834972392335e+03
1.320242264170116187e+03
1.531271555106283131e+03
3.010549972537677604e+03
1.320231834972392335e+03
1.320243153931705137e+03
4.171769417159204750e+03
1.320228681282296520e+03
1.320242264170116187e+03
4.171765373707519757e+03
1.320228681282296520e+03
1.320242697101633212e+03
3.010547251779098588e+03
2.640477600359479766e+03
1.320228849491357323e+03
1.992499629321546990e+03
5.296554325415479980e+03
6.849036637381815126e+03
7.203125733860836590e+03
2.618652632843893116e+03
1.320242282553620043e+03
5.106553264154293174e+03
2.748266301875366480e+03
3.206924529101365806e+02
1.320451634971236444e+03
1.387739890669406805e+03
1.320242264170116187e+03
2.447436735452443372e+03
1.122311728398715104e+03
1.334477990201077091e+03
1.321048409530905246e+03
3.986403463511856444e+03
1.329998834014623981e+03
1.320242264170116187e+03
3.976174067348405515e+03
1.329871986606733117e+03
1.320242264170116187e+03
9.260391517213101906e+03
1.331382105344339152e+03
3.515669542733498474e+03
1.852313373250159884e+03
3.060448432591632354e+03
1.325231905942953745e+03
1.332977784713944629e+03
1.904247635411891451e+03
4.088139741316716936e+03
2.368046020737943763e+03
1.758238962788108665e+03
1.320243769779086279e+03
4.905384573247315529e+03
4.315596246401144526e+03
2.996832848970675968e+03
1.320223598243465176e+03
5.485548885532257373e+03
6.076536777927532057e+03
1.369220153771430432e+03
1.320242264170116187e+03
1.955005546458877916e+03
3.649886752620649986e+03
1.346631304181002406e+03
1.320223598243465176e+03
1.933402443255188700e+03
1.993838752531821456e+03
8.198628005607258729e+02
1.380261208605675620e+03
1.320242264170116187e+03
9.318549411340085499e+03
1.369015118084143751e+03
1.331432035389377234e+03
4.037266791061164440e+03
1.368323448904994166e+03
1.322104203827730771e+03
4.026270999779953399e+03
1.362982996034694452e+03
1.335868883629058928e+03
1.170326722447752218e+03
2.499096967045823476e+03
1.436850424707632328e+03
3.187748317905735576e+02
3.068156268668960820e+03
2.399587378729514967e+03
1.330123222007662207e+03
4.546423578877674117e+03
2.061847032513767772e+03
2.123103978448457838e+03
7.230366573031810731e+03
6.087803665591972276e+03
6.087803665591972276e+03
1.919582655354461849e+03
1.324449523461213403e+03
2.858166421811190048e+03
1.399674045657151964e+03
1.320242264170116187e+03
3.785889207775900104e+03
2.452097329156410979e+03
1.321816037818687846e+03
5.686723723669781066e+03
1.555551093104451411e+03
2.080239647699120724e+03
1.343177860206079686e+03
4.737219066441106406e+03
3.010535513833199275e+03
1.425153338256917550e+03
4.568235233993417751e+03
1.921234180560437608e+03
1.435479112870402105e+03
5.329320452979497531e+03
2.283579300868088922e+03
4.368868124014435125e+03
2.931849507699472724e+03
1.346064791867343047e+03
3.020737458622744725e+03
2.175243240914785019e+03
3.208906173317075627e+03
9.680971080795732632e+03
8.700891332693126969e+03
8.700891332693126969e+03
3.223972905266396083e+03
1.908705048766395066e+03
1.320512913790616267e+03
1.320217376267914688e+03
1.740204500859514155e+03
2.170303071787740919e+03
2.272537280466679022e+03
1.379495052553701953e+03
4.597580556600189084e+03
3.043401451975797954e+03
1.468626968048189156e+03
4.578881287748698014e+03
1.927788588618851691e+03
1.714423668920588398e+03
5.118267654526930528e+03
3.039591104861178792e+03
1.322918930506526067e+03
5.692776640821839464e+03
1.920781769880363072e+03
1.320242264170116187e+03
4.355218859900684947e+03
1.762026803355737002e+03
2.692793994973291660e+02
4.174756146274887215e+03
1.353315022467005747e+03
4.231523784319062543e+03
7.155335595720433048e+03
3.468199807301584769e+03
5.280979020618235154e+03
1.320242841412138660e+03
6.147243457184777981e+03
1.354787964265500477e+03
2.324061140485855049e+03
1.633971507926234835e+03
5.111868766643196977e+03
2.640478646459504034e+03
5.280976429463359636e+03
1.346085930333147871e+03
5.280975618750836475e+03
1.320230816604927440e+03
1.326649507911855380e+03
1.330835456121530115e+03
5.075919007007074470e+03
4.011636069454890730e+03
1.320229820219015437e+03
1.320242264170116187e+03
3.268015780013586209e+03
6.497137944617919857e+03
2.640483755235240551e+03
5.280975618750836475e+03
2.640480526172779264e+03
5.280977567402251225e+03
1.320242488448863924e+03
5.280977498464111704e+03
2.218075204766381376e+03
2.678063127665495358e+03
1.320230994924915422e+03
5.007620214309932635e+03
3.443740894097779346e+03
3.854706838319862527e+03
6.743381148965747343e+03
3.307574120679013504e+03
9.917015758096638820e+03
4.122181788723832142e+03
3.854798378571551439e+03
5.096698604801686088e+03
6.266084557601154302e+03
4.350458451701650120e+03
4.167186292762025914e+03
3.485637375147324292e+03
6.942966667961080930e+03
4.597561168995322987e+03
4.675745917681306310e+03
3.485637375147324292e+03
6.930166513994624438e+03
2.700728536064499622e+03
8.103576614668374532e+03
4.696321402878048502e+03
1.587575667142889188e+03
3.339795258331867444e+03
3.561100555559330132e+03
1.322784012543499784e+03
1.326193571333157706e+03
5.627261634517825769e+03
6.020119413783089840e+03
1.320210586163442258e+03
2.640478306364681885e+03
5.280980727526573901e+03
5.017138341378751647e+03
5.288872432310193290e+03
3.631501253072336112e+03
2.640478306364681885e+03
5.280979889238795295e+03
3.752307828879625504e+03
2.640482916947462400e+03
5.280979766069318430e+03
2.642930954460799057e+03
5.280981237668807807e+03
1.347226113154311633e+03
1.010341874982341869e+04
5.588169967410074605e+03
1.320242264170116187e+03
1.320229820219015437e+03
1.321718806201445659e+03
1.320229820219015437e+03
1.109190100085124868e+03
1.109190100085124868e+03
1.109190100085124868e+03
4.352161547334068928e+03
1.546447763762030945e+03
1.548403786974887225e+03
9.629534213992537843e+02
1.326406829715731647e+03
9.650021252069055890e+02
1.330661720841566648e+03
1.333486860268933469e+03
1.320230582215252525e+03
7.406071588151399965e+02
7.391212106617432482e+02
1.532648980916836990e+03
1.531270302349143094e+03
1.110606943965088021e+03
4.568945932600645392e+03
1.951580033732477659e+03
1.320242264170116187e+03
1.924258265765986835e+03
1.367799519840306175e+03
1.332638438164606441e+03
1.329951721363147499e+03
3.256322872667059073e+03
3.120895496556519902e+03
6.679807031259607356e+03
1.320236403351766285e+03
1.320242264170116187e+03
1.387507167536251927e+03
3.437099961811876256e+03
5.283334205699569793e+03
4.918661141044111901e+03
3.684901240205846989e+03
7.664867769238095207e+03
1.320683067089449651e+03
1.320312510862490171e+03
7.742794430837389882e+03
2.341399314238440184e+03
6.444022432589209529e+03
3.543402850073724949e+03
5.284359011115833709e+03
1.109195769557730955e+03
4.171767716763744829e+03
1.375077956533378938e+03
1.110384274573332505e+03
1.320234142180784829e+03
1.320243159446756636e+03
1.365276685152439995e+03
3.010552279746070326e+03
3.044691622738223941e+03
2.452443171667539900e+03
3.056524891804818708e+03
3.626201374442113774e+03
6.894977463249380889e+03
1.109190100085124868e+03
3.502423514957978568e+03
2.267207884900047702e+03
5.069935712943556609e+03
2.161036068776139018e+03
2.267207884900047702e+03
1.421461280534737170e+03
2.640478306364681885e+03
1.109190862081361956e+03
2.161036068776139018e+03
3.035094242083172958e+03
1.343267148305036244e+03
1.384269524418881929e+03
2.640478306364681885e+03
4.066746746700832773e+03
3.234809831505329385e+03
5.723581569558176852e+03
1.350724525556111757e+03
4.066746746700832773e+03
3.441119149811832813e+03
3.742140830120566989e+03
7.396488102345178959e+02
4.913206691251177290e+03
3.428007131632098208e+03
3.003986807711579331e+03
8.660611365539503822e+03
1.342592689473213795e+03
2.733805475628403656e+03
2.381151162579452830e+03
1.320242264170116187e+03
2.144001140914139796e+03
4.901254505684880314e+03
4.942119887701690459e+03
2.640478306364681885e+03
7.656695386672513450e+03
2.144001140914139796e+03
5.280975618750836475e+03
2.640478646459504034e+03
5.280979744009115166e+03
2.141576466902560696e+03
4.171770092831625334e+03
7.391216527850123157e+02
1.320242264170116187e+03
3.057499875317803344e+03
1.945704978326922856e+03
7.529096588962356691e+02
7.186414008437828670e+03
7.409325621024393058e+02
2.059368934811172494e+03
4.544268371033609583e+03
1.320242264170116187e+03
7.392557598930876566e+02
4.330796443929967609e+03
5.874492338031617692e+03
4.541836164063857723e+03
6.812263484935571796e+03
4.835677919286455108e+03
5.069935558522124666e+03
2.640481987661340099e+03
2.315557229858089158e+03
2.859310424004076594e+03
1.954398298093969970e+03
1.945372181764353172e+03
2.647995187744684699e+03
3.010549055279484037e+03
2.863318932420804686e+03
3.010547957784300252e+03
2.640479403859865215e+03
5.663665230907216028e+03
2.270408654945063063e+03
2.658897231414631733e+03
2.315920382020198758e+03
7.206814211478249490e+03
6.812263484935571796e+03
4.541836164063857723e+03
1.927456582661596940e+03
8.660611365539503822e+03
4.330796443929967609e+03
1.901339191772524373e+03
7.392028698260049850e+02
2.644034326453038830e+03
5.399761370353021448e+03
1.606203763235887891e+03
5.285731204116817025e+03
1.323062688534056178e+03
1.320242264170116187e+03
1.322371800170643155e+03
1.534454439092121220e+03
4.547901748088588647e+03
1.532360171543538172e+03
2.271027919319575176e+03
9.539887109473278315e+02
2.270408654945063063e+03
4.172355684597465370e+03
3.623958756555455238e+03
4.171766512644238901e+03
2.641088267464333057e+03
4.620615569104070346e+03
2.896146773786098947e+03
2.640478306364681885e+03
2.640495089584577272e+03
2.654318416491608787e+03
1.325239812459476525e+03
2.640478306364681885e+03
2.856113642793282906e+03
2.641285975419669739e+03
2.698176567376402090e+03
1.368518620750494620e+03
2.640478306364681885e+03
1.620503845300447665e+03
2.280156617475894564e+03
1.110306719050112633e+03
1.690302055440108916e+03
1.153554456390489577e+03
5.071293319317561327e+03
1.322117764165503331e+03
2.429438586230791316e+03
1.920230387135414276e+03
5.164290437354013193e+03
1.921953909817457543e+03
1.321305480980898437e+03
2.482448563326033764e+03
1.901339191772524373e+03
1.271534952668402639e+03
5.492015123797732485e+03
2.059368934811172494e+03
1.120191058898878055e+03
9.010734335531615216e+02
1.325799585873282012e+03
7.485436887867710993e+02
1.491309212208708914e+03
1.320834329736147538e+03
1.324162771038544861e+03
1.494086111390825636e+03
6.209815136371467815e+03
4.387037974495143317e+03
7.921472250947346765e+03
2.640493113859946334e+03
1.324919428359939047e+03
5.280982427081510650e+03
2.640485454790177755e+03
5.280976226325640710e+03
1.320242264170116187e+03
1.690307952868163284e+03
1.109197771521307004e+03
1.320216876998480529e+03
2.640478306364681885e+03
9.606675874535845878e+02
4.603279393515598713e+03
1.366769408421051139e+03
2.640478306364681885e+03
3.409335882027926800e+03
2.776352455993758213e+03
6.949294741645033355e+03
2.742858322103063983e+03
2.717505573023609486e+03
2.642328267886350204e+03
5.281080573608797749e+03
2.663777568418768169e+03
2.686383800581797459e+03
5.280976788860861234e+03
5.286781722977957543e+03
1.109190100085124868e+03
5.280980366290721577e+03
5.280979372662335663e+03
1.905088038414734683e+03
1.710304490012517363e+03
1.322320224482281901e+03
1.693787063384951125e+03
2.877258035073190513e+03
2.198981630270848655e+03
2.856127244026790777e+03
7.577001890683394549e+02
2.641150366090612351e+03
5.281536594035256712e+03
1.320242264170116187e+03
5.281628370263334546e+03
1.320847444814126902e+03
1.321258608201049356e+03
1.320234981387738571e+03
2.270413196589704512e+03
4.541839511699919058e+03
2.270413816113786197e+03
1.901341813260182107e+03
5.346262727808073578e+03
1.901339191772524373e+03
3.749689693864115270e+03
6.116979204923369252e+03
3.749687072376456854e+03
2.640478617045897408e+03
7.417972724960653977e+03
5.301636845485027152e+03
2.640484874790628965e+03
2.640478617045897408e+03
5.280975278656013870e+03
5.291224209679057822e+03
2.643310496109293126e+03
5.280980741314201623e+03
5.281748340360933071e+03
5.280975278656013870e+03
5.280977349557730122e+03
5.280980741314201623e+03
5.281897876569779328e+03
8.823407709584067788e+02
5.280977349557730122e+03
5.280985460359655008e+03
5.310847492876060642e+03
5.492125512334612722e+03
5.280978691553515091e+03
1.909831423287774214e+03
4.542659918724273666e+03
1.332359845688539281e+03
1.901343351959459824e+03
1.321074121375415871e+03
1.325853380141877778e+03
1.320233980405950433e+03
1.321074121375415871e+03
5.521897332991362418e+03
2.640478306364681885e+03
1.321807437946205255e+03
5.280978787147736512e+03
9.732759216314118021e+03
2.640481814856403162e+03
5.280975703314953535e+03
4.561497480637042827e+03
7.430003586872340975e+02
2.642053836717417653e+03
5.280981360838283763e+03
1.320246307621801407e+03
5.283175101075967177e+03
1.320231858949598973e+03
1.342309939107395849e+03
1.320858811907106201e+03
2.270410693675647053e+03
5.282585464953337578e+03
2.288859821399223165e+03
1.901339191772524373e+03
6.044056830868737052e+03
1.901520852650307916e+03
3.749687072376456854e+03
1.991360243938928988e+03
2.640478306364681885e+03
6.116979204923369252e+03
3.749861192206039959e+03
2.679260707828666909e+03
5.301047945284400157e+03
2.641754385368743442e+03
2.646266725351410514e+03
5.280975278656013870e+03
5.291222869810509110e+03
2.640479305508119523e+03
5.280976276880276600e+03
5.281777795197900559e+03
5.284160863004692146e+03
5.280976277799451964e+03
5.282630298707633301e+03
5.280977862457489209e+03
1.331233471485505788e+03
2.640478306364681885e+03
5.736955597148330526e+03
5.282409677568706684e+03
3.755742775486362007e+03
1.334597581574808828e+03
3.753709243411062744e+03
1.535874060577997852e+03
1.325191690577974896e+03
7.506657549912716831e+02
1.545276963713483838e+03
1.902503607190250932e+03
5.280975403663841462e+03
1.327132959469675143e+03
1.925332799427346345e+03
1.320791679270344503e+03
1.320242264170116187e+03
1.336121627595448444e+03
1.322970139678527403e+03
4.015195564104672030e+03
2.640478306364681885e+03
1.072813574036802311e+04
1.336121627595448444e+03
5.280979437923773730e+03
2.640482465632441745e+03
5.292402676254479047e+03
2.640482710133043838e+03
5.280978737512275984e+03
1.320242264170116187e+03
5.280979682424376733e+03
1.320233279075276414e+03
1.328482139345273254e+03
1.320233791055860138e+03
1.531271737181623621e+03
1.532068815876027884e+03
1.109192296913842256e+03
6.020115720537154630e+03
1.109480418112550069e+03
5.280976242870794522e+03
5.327444736976394779e+03
1.320989393985147899e+03
2.640478306364681885e+03
5.299051387789740147e+03
2.640486970510075025e+03
7.391542340436382801e+03
5.280975278656013870e+03
2.649789811503645069e+03
2.640486970510075025e+03
5.280975278656013870e+03
5.281771758845791737e+03
2.650365392333640557e+03
5.281726209231772373e+03
5.284763106502979099e+03
5.280975278656013870e+03
5.298206694092765247e+03
5.280979916814051649e+03
5.280977862457489209e+03
1.320599221759566944e+03
2.640478306364681885e+03
5.296287856579145227e+03
5.280979994943942984e+03
5.317768415224283672e+03
5.281455820789858080e+03
5.282425252167699000e+03
2.291070738923994668e+03
7.864759412968916877e+03
1.320242264170116187e+03
3.068459115435346121e+03
3.950929864369916686e+03
1.320242264170116187e+03
1.581117853983397026e+03
6.037414178838506814e+03
3.432424889663031536e+03
1.581117853983397026e+03
4.926341674123787925e+03
4.306111435605194856e+03
2.640478306364681885e+03
2.901418984861621084e+03
5.280978774279283243e+03
2.397451865903835824e+03
2.640481801987950348e+03
5.280981788254748608e+03
3.425390791916640410e+03
1.531273437655735052e+03
5.280975490066309249e+03
4.658990084266986742e+03
5.280979907622298924e+03
7.341581629477953356e+03
1.531274169319190605e+03
1.320242528892572182e+03
3.523968817946716172e+03
1.451749712051493589e+03
3.164351099143581905e+03
3.223064081655877089e+03
4.599976796297524402e+02
1.320993065368053067e+03
2.640478306364681885e+03
5.280978504960950886e+03
4.303915024491299846e+03
3.606643010764797054e+03
2.648465691578781389e+03
5.509893137165006920e+03
2.641292868688705767e+03
5.280981886606495209e+03
5.280975278656013870e+03
3.722223673121701722e+03
2.640534576533046220e+03
5.283150647974028288e+03
3.721402868796645635e+03
5.575058624038523703e+03
5.287486822727786603e+03
5.280975278656013870e+03
6.756787311816197871e+03
5.452174249041813709e+03
5.280980240363719531e+03
1.329921891477857116e+03
2.851518026498572453e+03
5.298740233795807399e+03
6.571167653334026909e+03
5.282129386668156258e+03
2.081197277352495803e+03
2.798508049403330006e+03
7.051134880671471365e+03
2.877303872940336532e+03
5.280978844136597218e+03
1.320242264170116187e+03
2.877050479317214013e+03
1.358988600341784604e+03
1.529048122256019724e+03
1.320231920534337178e+03
5.820775278758317199e+02
5.289357570684964230e+03
5.821064428518787963e+02
5.280975618750836475e+03
2.640478646459504034e+03
5.280981916020101380e+03
2.640484914315162314e+03
5.283782786596583719e+03
2.645520994555174639e+03
5.288051393952127910e+03
2.640483268072387546e+03
5.280978726482172533e+03
2.641647948994736907e+03
5.281386433725137977e+03
2.640481871845265232e+03
5.288078227656186755e+03
