5.280000000000000000e+03
5.523230960629963192e+03
5.280000000000000000e+03
6.445232336373403086e+03
5.280000000000000000e+03
5.280000000000000000e+03
5.280000000000000000e+03
2.640000000000000000e+03
2.640000000000000000e+03
2.640000000000000000e+03
2.640000000000000000e+03
2.640000000000000000e+03
2.640000000000000000e+03
2.640000000000000000e+03
2.640000000000000000e+03
2.640000000000000000e+03
2.640000000000000000e+03
2.640000000000000000e+03
2.640000000000000000e+03
2.640000000000000000e+03
2.640000000000000000e+03
2.640000000000000000e+03
2.640000000000000000e+03
2.640000000000000000e+03
2.640000000000000000e+03
2.640000000000000000e+03
2.640000000000000000e+03
2.640000000000000000e+03
2.640000000000000000e+03
1.320000000000000000e+03
1.320000000000000000e+03
1.320000000000000000e+03
1.320000000000000000e+03
1.320000000000000000e+03
1.320000000000000000e+03
1.320000000000000000e+03
1.320000000000000000e+03
1.320000000000000000e+03
1.320000000000000000e+03
2.215769498659560213e+03
1.320000000000000000e+03
1.320000000000000000e+03
1.320000000000000000e+03
1.320000000000000000e+03
1.320000000000000000e+03
1.320000000000000000e+03
1.320000000000000000e+03
2.088447407804773320e+03
1.320000000000000000e+03
1.320000000000000000e+03
1.320000000000000000e+03
1.320000000000000000e+03
1.320000000000000000e+03
1.320000000000000000e+03
1.320000000000000000e+03
1.320000000000000000e+03
1.320000000000000000e+03
1.320000000000000000e+03
1.320000000000000000e+03
3.854000000000000000e+03
3.854000000000000000e+03
3.485000000000000000e+03
3.485000000000000000e+03
2.640000000000000000e+03
2.640000000000000000e+03
2.640000000000000000e+03
2.640000000000000000e+03
4.066000000000000000e+03
4.066000000000000000e+03
2.640000000000000000e+03
7.920000000000000000e+03
2.640000000000000000e+03
2.640000000000000000e+03
2.640000000000000000e+03
2.640000000000000000e+03
2.429000000000000455e+03
2.482000000000000455e+03
2.640000000000000000e+03
2.640000000000000000e+03
2.640000000000000000e+03
2.640000000000000000e+03
2.640000000000000000e+03
2.640000000000000000e+03
2.640000000000000000e+03
2.640000000000000000e+03
2.640000000000000000e+03
2.640000000000000000e+03
2.850999999999999545e+03
2.798000000000000000e+03
1.320000000000000000e+03
1.320000000000000000e+03
1.320000000000000000e+03
1.320000000000000000e+03
1.320000000000000000e+03
1.320000000000000000e+03
1.320000000000000000e+03
1.320000000000000000e+03
1.320000000000000000e+03
1.320000000000000000e+03
1.320000000000000000e+03
1.320000000000000000e+03
6.969656644545235395e+03
7.630510575313438494e+03
2.765155533032658695e+03
1.320000000000000000e+03
1.815155533032659378e+03
1.234155533032659150e+03
1.320000000000000000e+03
1.320000000000000000e+03
8.501000000000000000e+03
1.320000000000000000e+03
1.320000000000000000e+03
6.811000000000000000e+03
1.320000000000000000e+03
1.320000000000000000e+03
1.320000000000000000e+03
2.270000000000000000e+03
1.320000000000000000e+03
5.452189163072383963e+03
5.280000000000000000e+03
5.280000000000000000e+03
2.270000000000000000e+03
1.320000000000000000e+03
1.320000000000000000e+03
1.320000000000000000e+03
1.320000000000000000e+03
6.811000000000000000e+03
1.320000000000000000e+03
1.320000000000000000e+03
8.501000000000000000e+03
1.320000000000000000e+03
2.604771095429857724e+03
1.108999999999999773e+03
1.690000000000000000e+03
2.640000000000000000e+03
1.320000000000000000e+03
6.184084891398167201e+03
5.280000000000000000e+03
5.694135129948073882e+03
1.320827431212638885e+03
1.320603091092781824e+03
1.112188520632558038e+03
1.534188520632558038e+03
1.690000000000000000e+03
1.320000000000000000e+03
1.320000000000000000e+03
3.379000000000000000e+03
1.320000000000000000e+03
1.320000000000000000e+03
6.019000000000000000e+03
1.320000000000000000e+03
1.320000000000000000e+03
3.010000000000000000e+03
1.320000000000000000e+03
1.320000000000000000e+03
1.901000000000000000e+03
1.320000000000000000e+03
1.320000000000000000e+03
3.749000000000000000e+03
1.320000000000000000e+03
1.320000000000000000e+03
1.320000000000000000e+03
3.749000000000000000e+03
1.320000000000000000e+03
1.320000000000000000e+03
1.901000000000000000e+03
1.320000000000000000e+03
1.320000000000000000e+03
3.010000000000000000e+03
1.320000000000000000e+03
1.320000000000000000e+03
6.019000000000000000e+03
1.320000000000000000e+03
1.320000000000000000e+03
3.379000000000000000e+03
1.690000000000000000e+03
1.320000000000000000e+03
1.320000000000000000e+03
1.531000000000000000e+03
1.108999999999999773e+03
1.320000000000000000e+03
2.753892014852915963e+03
5.280000000000000000e+03
5.280000000000000000e+03
5.280000000000000000e+03
1.320000000000000000e+03
1.320000000000000000e+03
2.640000000000000000e+03
3.010000000000000000e+03
1.320000000000000000e+03
1.320000000000000000e+03
4.171000000000000000e+03
1.320000000000000000e+03
1.320000000000000000e+03
4.171000000000000000e+03
1.320000000000000000e+03
1.320000000000000000e+03
3.010000000000000000e+03
1.531000000000000000e+03
1.320000000000000000e+03
1.320000000000000000e+03
4.171000000000000000e+03
1.531000000000000000e+03
1.320000000000000000e+03
2.270000000000000000e+03
1.690000000000000000e+03
1.320000000000000000e+03
1.320000000000000000e+03
7.390000000000000000e+02
3.062000000000000000e+03
1.320000000000000000e+03
6.340000000000001137e+02
1.320000000000000000e+03
5.280000000000000000e+03
1.320000000000000000e+03
1.798627509843535108e+03
4.541000000000000000e+03
1.320000000000000000e+03
1.320000000000000000e+03
4.541000000000000000e+03
1.320000000000000000e+03
2.099054442214333449e+03
4.330000000000000000e+03
5.810000000000000000e+02
1.320000000000000000e+03
3.696000000000000000e+03
1.108999999999999773e+03
1.320000000000000000e+03
1.320000000000000000e+03
1.690000000000000000e+03
1.108999999999999773e+03
3.010000000000000000e+03
1.451724942871480380e+03
3.379000000000000000e+03
1.320000000000000000e+03
1.320000000000000000e+03
1.531000000000000000e+03
3.010000000000000000e+03
1.320000000000000000e+03
1.320000000000000000e+03
4.171000000000000000e+03
1.320000000000000000e+03
1.320000000000000000e+03
4.171000000000000000e+03
1.320000000000000000e+03
1.320000000000000000e+03
3.010000000000000000e+03
2.640000000000000000e+03
1.320000000000000000e+03
1.399118901155859703e+03
5.280000000000000000e+03
5.280000000000000000e+03
5.280000000000000000e+03
1.320000000000000000e+03
1.320000000000000000e+03
3.749000000000000000e+03
1.690000000000000000e+03
3.170000000000000568e+02
1.320000000000000000e+03
1.373000000000000000e+03
1.320000000000000000e+03
2.429000000000000455e+03
1.108999999999999773e+03
1.320000000000000000e+03
1.320000000000000000e+03
3.960000000000000000e+03
1.320000000000000000e+03
1.320000000000000000e+03
3.960000000000000000e+03
1.320000000000000000e+03
1.320000000000000000e+03
9.240000000000000000e+03
1.320000000000000000e+03
2.567448492292830906e+03
7.390000000000000000e+02
1.901000000000000000e+03
1.320000000000000000e+03
1.320000000000000000e+03
1.901000000000000000e+03
3.590000000000000000e+03
1.901000000000000000e+03
1.320000000000000000e+03
1.320000000000000000e+03
4.330000000000000000e+03
3.749000000000000000e+03
1.320000000000000000e+03
1.320000000000000000e+03
3.749000000000000000e+03
4.330000000000000000e+03
1.320000000000000000e+03
1.320000000000000000e+03
1.901669602029491898e+03
3.590669602029491671e+03
1.320000000000000000e+03
1.320000000000000000e+03
1.901000000000000000e+03
1.903023553741108572e+03
7.410235537411085716e+02
1.320000000000000000e+03
1.320000000000000000e+03
9.240000000000000000e+03
1.320000000000000000e+03
1.320000000000000000e+03
3.960000000000000000e+03
1.320000000000000000e+03
1.323685252826547867e+03
3.960000000000000000e+03
1.320000000000000000e+03
1.320000000000000000e+03
1.108999999999999773e+03
2.429000000000000455e+03
1.373000000000000000e+03
3.170000000000000568e+02
2.231712347595489518e+03
1.690000000000000000e+03
1.320000000000000000e+03
3.749000000000000000e+03
1.320000000000000000e+03
1.498506016405371156e+03
5.280000000000000000e+03
5.280000000000000000e+03
5.280000000000000000e+03
1.901000000000000000e+03
1.320000000000000000e+03
2.850999999999999545e+03
1.373000000000000000e+03
1.320000000000000000e+03
3.749000000000000000e+03
2.429000000000000455e+03
1.320000000000000000e+03
5.649999999999999091e+03
1.531000000000000000e+03
2.059000000000000000e+03
1.320000000000000000e+03
4.699000000000000000e+03
3.010000000000000000e+03
1.321447125622954900e+03
4.541000000000000000e+03
1.901000000000000000e+03
1.320024514310006225e+03
5.280000000000000000e+03
2.270000000000000000e+03
3.207081604034427983e+03
5.810000000000000000e+02
1.320000000000000000e+03
1.425999999999999773e+03
1.320000000000000000e+03
1.531000000000000000e+03
6.445232336373403086e+03
5.729343958815113183e+03
5.729343958815113183e+03
6.338683144614568619e+02
1.214000000000000227e+03
1.320000000000000000e+03
1.320000000000000000e+03
1.108999999999999773e+03
1.108999999999999773e+03
2.270000000000000000e+03
1.320000000000000000e+03
4.541000000000000000e+03
3.010000000000000000e+03
1.322131279971932599e+03
4.541000000000000000e+03
1.901000000000000000e+03
1.320000000000000000e+03
5.068999999999999091e+03
3.010000000000000000e+03
1.320359217658178522e+03
5.649999999999999091e+03
1.901000000000000000e+03
1.320000000000000000e+03
4.330000000000000000e+03
1.742000000000000227e+03
2.640000000000000000e+02
3.042895366672242289e+03
1.320000000000000000e+03
2.534000000000000000e+03
5.280000000000000000e+03
2.640000000000000000e+03
5.280000000000000000e+03
1.320000000000000000e+03
5.280000000000000000e+03
1.320000000000000000e+03
1.674042942666607814e+03
1.320000000000000000e+03
5.068999999999999091e+03
2.640000000000000000e+03
5.280000000000000000e+03
1.320000000000000000e+03
5.280000000000000000e+03
1.320000000000000000e+03
1.320000000000000000e+03
1.320000000000000000e+03
5.068999999999999091e+03
2.944376103194857023e+03
1.320000000000000000e+03
1.320000000000000000e+03
1.622668241658451279e+03
4.910000000000000909e+03
2.640000000000000000e+03
5.280000000000000000e+03
2.640000000000000000e+03
5.280000000000000000e+03
1.320000000000000000e+03
5.280000000000000000e+03
1.320000000000000000e+03
1.938650104485690463e+03
1.320000000000000000e+03
3.232974008168130240e+03
1.320000000000000000e+03
3.854000000000000000e+03
5.083838931448138283e+03
2.640000000000000000e+03
9.451000000000000000e+03
1.320000000000000000e+03
3.854000000000000000e+03
5.068999999999999091e+03
4.174673202809433860e+03
4.330000000000000000e+03
1.320000000000000000e+03
3.485000000000000000e+03
4.674848799467429671e+03
4.541000000000000000e+03
1.320000000000000000e+03
3.485000000000000000e+03
5.212668241658449915e+03
2.640000000000000000e+03
6.600000000000000000e+03
2.990838166760525382e+03
1.531000000000000000e+03
2.377917990905873921e+03
1.881838166760524928e+03
1.320000000000000000e+03
1.320000000000000000e+03
3.388347650302569036e+03
6.019000000000000000e+03
1.320000000000000000e+03
2.640000000000000000e+03
5.280000000000000000e+03
2.807347650302569491e+03
5.280000000000000000e+03
1.320000000000000000e+03
2.640000000000000000e+03
5.280000000000000000e+03
3.749000000000000000e+03
2.640000000000000000e+03
5.280000000000000000e+03
2.640000000000000000e+03
5.280000000000000000e+03
1.320000000000000000e+03
9.451000000000000000e+03
3.497340501319675695e+03
1.320000000000000000e+03
1.320000000000000000e+03
1.320000000000000000e+03
1.320000000000000000e+03
1.108999999999999773e+03
1.108999999999999773e+03
1.108999999999999773e+03
4.330000000000000000e+03
1.531000000000000000e+03
1.531000000000000000e+03
9.500000000000000000e+02
1.320000000000000000e+03
9.500000000000000000e+02
1.320000000000000000e+03
1.320000000000000000e+03
1.320000000000000000e+03
7.390000000000000000e+02
7.390000000000000000e+02
1.531000000000000000e+03
1.531000000000000000e+03
1.108999999999999773e+03
4.541000000000000000e+03
1.901000000000000000e+03
1.320000000000000000e+03
1.901000000000000000e+03
1.320000000000000000e+03
1.320000000000000000e+03
1.320000000000000000e+03
3.221000000000000000e+03
2.271294719982645347e+03
6.600000000000000000e+03
1.320000000000000000e+03
1.320000000000000000e+03
1.320000000000000000e+03
3.379000000000000000e+03
5.280000000000000000e+03
4.910000000000000909e+03
2.690937062957652415e+03
5.488612111178940722e+03
1.320000000000000000e+03
1.320000000000000000e+03
4.988309891704947404e+03
7.817535502625025856e+02
3.891637699547188731e+03
1.943753550262502586e+03
5.280000000000000000e+03
1.108999999999999773e+03
4.171000000000000000e+03
1.320000000000000000e+03
1.108999999999999773e+03
1.320000000000000000e+03
1.320000000000000000e+03
1.320000000000000000e+03
3.010000000000000000e+03
2.216937932589052252e+03
1.901000000000000000e+03
3.010000000000000000e+03
2.640000000000000000e+03
5.218881244696375688e+03
1.108999999999999773e+03
2.640000000000000000e+03
1.320000000000000000e+03
5.068999999999999091e+03
1.320000000000000000e+03
1.320000000000000000e+03
1.320000000000000000e+03
2.640000000000000000e+03
1.108999999999999773e+03
1.320000000000000000e+03
3.010000000000000000e+03
1.320000000000000000e+03
1.320000000000000000e+03
2.640000000000000000e+03
4.066000000000000000e+03
3.221000000000000000e+03
5.649999999999999091e+03
1.320000000000000000e+03
4.066000000000000000e+03
3.379000000000000000e+03
2.429677024689095106e+03
7.390000000000000000e+02
4.910000000000000909e+03
2.429000000000000455e+03
1.901004004329522786e+03
8.659000000000000000e+03
1.327297548722519878e+03
1.901000000000000000e+03
1.320000000000000000e+03
1.320000000000000000e+03
1.325957563330946414e+03
2.849603097638596410e+03
1.361053066105324888e+03
2.640000000000000000e+03
5.053637699547188276e+03
1.325957563330946414e+03
5.280000000000000000e+03
2.640000000000000000e+03
5.280000000000000000e+03
1.520415206743204863e+03
4.171000000000000000e+03
7.390000000000000000e+02
1.320000000000000000e+03
3.010000000000000000e+03
1.901000000000000000e+03
7.390000000000000000e+02
7.181000000000000000e+03
7.390000000000000000e+02
2.059000000000000000e+03
4.541000000000000000e+03
1.320000000000000000e+03
7.390000000000000000e+02
4.330000000000000000e+03
5.068999999999999091e+03
4.541000000000000000e+03
6.811000000000000000e+03
3.174919187301510192e+03
5.068999999999999091e+03
2.640000000000000000e+03
2.270000000000000000e+03
2.850999999999999545e+03
1.381009167049592861e+03
1.901000000000000000e+03
2.640000000000000000e+03
3.010000000000000000e+03
2.850999999999999545e+03
3.010000000000000000e+03
2.640000000000000000e+03
5.649999999999999091e+03
2.270000000000000000e+03
2.640000000000000000e+03
2.270000000000000000e+03
7.181000000000000000e+03
6.811000000000000000e+03
4.541000000000000000e+03
1.901000000000000000e+03
8.659000000000000000e+03
4.330000000000000000e+03
1.901000000000000000e+03
7.390000000000000000e+02
2.640000000000000000e+03
5.280000000000000000e+03
1.320000000000000000e+03
5.280000000000000000e+03
1.320000000000000000e+03
1.320000000000000000e+03
1.320000000000000000e+03
1.531000000000000000e+03
4.541000000000000000e+03
1.531000000000000000e+03
2.270000000000000000e+03
9.500000000000000000e+02
2.270000000000000000e+03
4.171000000000000000e+03
2.850999999999999545e+03
4.171000000000000000e+03
2.640000000000000000e+03
2.963919187301509282e+03
2.850999999999999545e+03
2.640000000000000000e+03
2.640000000000000000e+03
2.640000000000000000e+03
1.320000000000000000e+03
2.640000000000000000e+03
2.850999999999999545e+03
2.640000000000000000e+03
2.640000000000000000e+03
1.320000000000000000e+03
2.640000000000000000e+03
1.322339016774256152e+03
2.270000000000000000e+03
1.108999999999999773e+03
1.690000000000000000e+03
1.108999999999999773e+03
5.068999999999999091e+03
1.320000000000000000e+03
2.429000000000000455e+03
1.901000000000000000e+03
5.068999999999999091e+03
1.901000000000000000e+03
1.320000000000000000e+03
2.482000000000000455e+03
1.901000000000000000e+03
1.108999999999999773e+03
5.491000000000000909e+03
2.059000000000000000e+03
1.108999999999999773e+03
7.390000000000000000e+02
1.320000000000000000e+03
7.390000000000000000e+02
1.320000000000000000e+03
1.320000000000000000e+03
1.320000000000000000e+03
1.320000000000000000e+03
2.337807191208089080e+03
1.320000000000000000e+03
7.920000000000000000e+03
2.640000000000000000e+03
1.320000000000000000e+03
5.280000000000000000e+03
2.640000000000000000e+03
5.280000000000000000e+03
1.320000000000000000e+03
1.690000000000000000e+03
1.108999999999999773e+03
1.320000000000000000e+03
2.640000000000000000e+03
9.500000000000000000e+02
4.541000000000000000e+03
1.320000000000000000e+03
2.640000000000000000e+03
2.640000000000000000e+03
2.640000000000000000e+03
5.534719286826062671e+03
2.640000000000000000e+03
2.640000000000000000e+03
2.640000000000000000e+03
5.280000000000000000e+03
2.640000000000000000e+03
2.640000000000000000e+03
5.280000000000000000e+03
5.280000000000000000e+03
1.108999999999999773e+03
5.280000000000000000e+03
5.280000000000000000e+03
1.901000000000000000e+03
1.690000000000000000e+03
1.320000000000000000e+03
1.690000000000000000e+03
2.850999999999999545e+03
1.529090903164917563e+03
2.850999999999999545e+03
7.390000000000000000e+02
2.640000000000000000e+03
5.280000000000000000e+03
1.320000000000000000e+03
5.280000000000000000e+03
1.320000000000000000e+03
1.320000000000000000e+03
1.320000000000000000e+03
2.270000000000000000e+03
4.541000000000000000e+03
2.270000000000000000e+03
1.901000000000000000e+03
5.280000000000000000e+03
1.901000000000000000e+03
3.749000000000000000e+03
5.280000000000000000e+03
3.749000000000000000e+03
2.640000000000000000e+03
5.709269859600872223e+03
5.280000000000000000e+03
2.640000000000000000e+03
2.640000000000000000e+03
5.280000000000000000e+03
5.280000000000000000e+03
2.640000000000000000e+03
5.280000000000000000e+03
5.280000000000000000e+03
5.280000000000000000e+03
5.280000000000000000e+03
5.280000000000000000e+03
5.280000000000000000e+03
7.390000000000000000e+02
5.280000000000000000e+03
5.280000000000000000e+03
5.280000000000000000e+03
5.491000000000000909e+03
5.280000000000000000e+03
1.901000000000000000e+03
4.541000000000000000e+03
1.320000000000000000e+03
1.901000000000000000e+03
1.321999039431102346e+03
1.320000000000000000e+03
1.320000000000000000e+03
1.321999039431102346e+03
1.820560592935345085e+03
2.640000000000000000e+03
1.320000000000000000e+03
5.280000000000000000e+03
7.410219596069407089e+03
2.640000000000000000e+03
5.280000000000000000e+03
4.541000000000000000e+03
7.390000000000000000e+02
2.640000000000000000e+03
5.280000000000000000e+03
1.320000000000000000e+03
5.280000000000000000e+03
1.320000000000000000e+03
1.320000000000000000e+03
1.320000000000000000e+03
2.270000000000000000e+03
5.280000000000000000e+03
2.270000000000000000e+03
1.901000000000000000e+03
6.019000000000000000e+03
1.901000000000000000e+03
3.749000000000000000e+03
1.320000000000000000e+03
2.640000000000000000e+03
5.280000000000000000e+03
3.749000000000000000e+03
2.640000000000000000e+03
5.280000000000000000e+03
2.640000000000000000e+03
2.640000000000000000e+03
5.280000000000000000e+03
5.280000000000000000e+03
2.640000000000000000e+03
5.280000000000000000e+03
5.280000000000000000e+03
5.280000000000000000e+03
5.280000000000000000e+03
5.280000000000000000e+03
5.280000000000000000e+03
1.320000000000000000e+03
2.640000000000000000e+03
5.280000000000000000e+03
5.280000000000000000e+03
3.749000000000000000e+03
1.320000000000000000e+03
3.749000000000000000e+03
1.531000000000000000e+03
1.320000000000000000e+03
7.390000000000000000e+02
1.531000000000000000e+03
1.901000000000000000e+03
5.280000000000000000e+03
1.320000000000000000e+03
1.901000000000000000e+03
1.320000000000000000e+03
1.320000000000000000e+03
1.320000000000000000e+03
1.320000000000000000e+03
1.320000000000000000e+03
2.640000000000000000e+03
8.556841029025768876e+03
1.320000000000000000e+03
5.280000000000000000e+03
2.640000000000000000e+03
5.280000000000000000e+03
2.640000000000000000e+03
5.280000000000000000e+03
1.320000000000000000e+03
5.280000000000000000e+03
1.320000000000000000e+03
1.320000000000000000e+03
1.320000000000000000e+03
1.531000000000000000e+03
1.531000000000000000e+03
1.108999999999999773e+03
6.019000000000000000e+03
1.108999999999999773e+03
5.280000000000000000e+03
5.280000000000000000e+03
1.320000000000000000e+03
2.640000000000000000e+03
5.280000000000000000e+03
2.640000000000000000e+03
5.603353650339745400e+03
5.280000000000000000e+03
2.640000000000000000e+03
2.640000000000000000e+03
5.280000000000000000e+03
5.280000000000000000e+03
2.640000000000000000e+03
5.280000000000000000e+03
5.280000000000000000e+03
5.280000000000000000e+03
5.280000000000000000e+03
5.280000000000000000e+03
5.280000000000000000e+03
1.320000000000000000e+03
2.640000000000000000e+03
5.280000000000000000e+03
5.280000000000000000e+03
5.280000000000000000e+03
5.280000000000000000e+03
5.280000000000000000e+03
1.901000000000000000e+03
6.811000000000000000e+03
1.320000000000000000e+03
1.901000000000000000e+03
2.088744876051763185e+03
1.320000000000000000e+03
1.108999999999999773e+03
3.661311154415450801e+03
2.505017460914384174e+03
1.108999999999999773e+03
2.685622481787726429e+03
1.320000000000000000e+03
2.640000000000000000e+03
1.153444137506399557e+03
5.280000000000000000e+03
1.531826454546901914e+03
2.640000000000000000e+03
5.280000000000000000e+03
2.487403019576874613e+03
1.531000000000000000e+03
5.280000000000000000e+03
2.892262631017129479e+03
5.280000000000000000e+03
5.532262631017129024e+03
1.531000000000000000e+03
1.320000000000000000e+03
1.783262631017129252e+03
1.320000000000000000e+03
2.298349176860172520e+03
1.511096928313805392e+03
3.699999999999999432e+02
1.320000000000000000e+03
2.640000000000000000e+03
5.280000000000000000e+03
2.154979060636637314e+03
1.320000000000000000e+03
2.640000000000000000e+03
5.280000000000000000e+03
2.640000000000000000e+03
5.280000000000000000e+03
5.280000000000000000e+03
2.640000000000000000e+03
2.640000000000000000e+03
5.280000000000000000e+03
2.640000000000000000e+03
5.280000000000000000e+03
5.280000000000000000e+03
5.280000000000000000e+03
5.280000000000000000e+03
5.280000000000000000e+03
5.280000000000000000e+03
1.320000000000000000e+03
2.850999999999999545e+03
5.280000000000000000e+03
5.280000000000000000e+03
5.280000000000000000e+03
1.320000000000000000e+03
2.798000000000000000e+03
6.811000000000000000e+03
2.850999999999999545e+03
5.280000000000000000e+03
1.320000000000000000e+03
2.850999999999999545e+03
1.320000000000000000e+03
1.322519992935377104e+03
1.320000000000000000e+03
5.810000000000000000e+02
5.280000000000000000e+03
5.810000000000000000e+02
5.280000000000000000e+03
2.640000000000000000e+03
5.280000000000000000e+03
2.640000000000000000e+03
5.280000000000000000e+03
2.640000000000000000e+03
5.280000000000000000e+03
2.640000000000000000e+03
5.280000000000000000e+03
2.640000000000000000e+03
5.280000000000000000e+03
2.640000000000000000e+03
5.280000000000000000e+03
