5.280000000000000000e+03
5.602592383953613535e+03
5.280000000000000000e+03
6.825424465195447738e+03
5.280000000000000000e+03
5.280000000000000000e+03
5.280000000000000000e+03
2.640000000000000000e+03
2.640000000000000000e+03
2.640000000000000000e+03
2.640000000000000000e+03
2.640000000000000000e+03
2.640000000000000000e+03
2.640000000000000000e+03
2.640000000000000000e+03
2.640000000000000000e+03
2.640000000000000000e+03
2.640000000000000000e+03
2.640000000000000000e+03
2.640000000000000000e+03
2.640000000000000000e+03
2.640000000000000000e+03
2.640000000000000000e+03
2.640000000000000000e+03
2.640000000000000000e+03
2.640000000000000000e+03
2.640000000000000000e+03
2.640000000000000000e+03
2.640000000000000000e+03
1.320000000000000000e+03
1.320000000000000000e+03
1.320000000000000000e+03
1.320000000000000000e+03
1.320000000000000000e+03
1.320000000000000000e+03
1.320000000000000000e+03
1.320000000000000000e+03
1.320000000000000000e+03
1.320000000000000000e+03
2.449863866992286603e+03
1.320000000000000000e+03
1.320000000000000000e+03
1.320000000000000000e+03
1.320000000000000000e+03
1.320000000000000000e+03
1.320000000000000000e+03
1.320000000000000000e+03
2.280770548385627990e+03
1.320000000000000000e+03
1.320000000000000000e+03
1.320000000000000000e+03
1.320000000000000000e+03
1.320000000000000000e+03
1.320000000000000000e+03
1.320000000000000000e+03
1.320000000000000000e+03
1.320000000000000000e+03
1.320000000000000000e+03
1.320000000000000000e+03
3.854000000000000455e+03
3.854000000000000455e+03
3.484999999999999545e+03
3.484999999999999545e+03
2.640000000000000000e+03
2.640000000000000000e+03
2.640000000000000000e+03
2.640000000000000000e+03
4.065999999999999545e+03
4.065999999999999545e+03
2.640000000000000000e+03
7.920000000000000000e+03
2.640000000000000000e+03
2.640000000000000000e+03
2.640000000000000000e+03
2.640000000000000000e+03
2.429000000000000000e+03
2.481999999999999545e+03
2.640000000000000000e+03
2.640000000000000000e+03
2.640000000000000000e+03
2.640000000000000000e+03
2.640000000000000000e+03
2.640000000000000000e+03
2.640000000000000000e+03
2.640000000000000000e+03
2.640000000000000000e+03
2.640000000000000000e+03
2.850999999999999545e+03
2.798000000000000000e+03
1.320000000000000000e+03
1.320000000000000000e+03
1.320000000000000000e+03
1.320000000000000000e+03
1.320000000000000000e+03
1.320000000000000000e+03
1.320000000000000000e+03
1.320000000000000000e+03
1.320000000000000000e+03
1.320000000000000000e+03
1.320000000000000000e+03
1.320000000000000000e+03
7.520957991594456871e+03
8.397435412147675379e+03
2.778726066335027554e+03
1.320000000000000000e+03
1.828726066335027554e+03
1.247726066335027781e+03
1.320000000000000000e+03
1.320000000000000000e+03
8.501000000000000000e+03
1.320000000000000000e+03
1.320000000000000000e+03
6.811000000000000000e+03
1.320000000000000000e+03
1.320000000000000000e+03
1.320000000000000000e+03
2.270000000000000000e+03
1.320000000000000000e+03
5.508371061244146404e+03
5.280000000000000000e+03
5.280000000000000000e+03
2.270000000000000000e+03
1.320000000000000000e+03
1.320000000000000000e+03
1.320000000000000000e+03
1.320000000000000000e+03
6.811000000000000000e+03
1.320000000000000000e+03
1.320000000000000000e+03
8.501000000000000000e+03
1.320000000000000000e+03
3.020278736153221416e+03
1.108999999999999773e+03
1.690000000000000000e+03
2.640000000000000000e+03
1.320000000000000000e+03
6.479069804506833862e+03
5.280000000000000000e+03
5.829259183546683744e+03
1.326614164502335598e+03
1.324820876511086453e+03
1.134487798454646281e+03
1.556487798454646509e+03
1.690000000000000000e+03
1.320000000000000000e+03
1.320000000000000000e+03
3.379000000000000000e+03
1.320000000000000000e+03
1.320000000000000000e+03
6.018999999999999091e+03
1.320000000000000000e+03
1.320000000000000000e+03
3.010000000000000000e+03
1.320000000000000000e+03
1.320000000000000000e+03
1.900999999999999773e+03
1.320000000000000000e+03
1.320000000000000000e+03
3.748999999999999545e+03
1.320000000000000000e+03
1.320000000000000000e+03
1.320000000000000000e+03
3.748999999999999545e+03
1.320000000000000000e+03
1.320000000000000000e+03
1.900999999999999773e+03
1.320000000000000000e+03
1.320000000000000000e+03
3.010000000000000000e+03
1.320000000000000000e+03
1.320000000000000000e+03
6.018999999999999091e+03
1.320000000000000000e+03
1.320000000000000000e+03
3.379000000000000000e+03
1.690000000000000000e+03
1.320000000000000000e+03
1.320000000000000000e+03
1.531000000000000000e+03
1.108999999999999773e+03
1.320000000000000000e+03
3.213325357041113875e+03
5.280000000000000000e+03
5.280000000000000000e+03
5.280000000000000000e+03
1.320000000000000000e+03
1.320000000000000000e+03
2.640000000000000000e+03
3.010000000000000000e+03
1.320000000000000000e+03
1.320000000000000000e+03
4.171000000000000000e+03
1.320000000000000000e+03
1.320000000000000000e+03
4.171000000000000000e+03
1.320000000000000000e+03
1.320000000000000000e+03
3.010000000000000000e+03
1.531000000000000000e+03
1.320000000000000000e+03
1.320000000000000000e+03
4.171000000000000000e+03
1.531000000000000000e+03
1.320000000000000000e+03
2.270000000000000000e+03
1.690000000000000000e+03
1.320000000000000000e+03
1.320000000000000000e+03
7.389999999999997726e+02
3.062000000000000000e+03
1.320000000000000000e+03
6.339999999999998863e+02
1.320000000000000000e+03
5.280000000000000000e+03
1.320000000000000000e+03
1.947154887020070646e+03
4.541000000000000000e+03
1.320000000000000000e+03
1.320000000000000000e+03
4.541000000000000000e+03
1.320000000000000000e+03
2.348467383696722663e+03
4.329999999999999091e+03
5.810000000000000000e+02
1.320000000000000000e+03
3.696000000000000000e+03
1.108999999999999773e+03
1.320000000000000000e+03
1.320000000000000000e+03
1.690000000000000000e+03
1.108999999999999773e+03
3.010000000000000000e+03
1.486598854867539785e+03
3.379000000000000000e+03
1.320000000000000000e+03
1.320000000000000000e+03
1.531000000000000000e+03
3.010000000000000000e+03
1.320000000000000000e+03
1.320000000000000000e+03
4.171000000000000000e+03
1.320000000000000000e+03
1.320000000000000000e+03
4.171000000000000000e+03
1.320000000000000000e+03
1.320000000000000000e+03
3.010000000000000000e+03
2.640000000000000000e+03
1.320000000000000000e+03
1.424933824516232107e+03
5.280000000000000000e+03
5.280000000000000000e+03
5.280000000000000000e+03
1.320000000000000000e+03
1.320000000000000000e+03
3.748999999999999545e+03
1.690000000000000000e+03
3.169999999999999432e+02
1.320000000000000000e+03
1.372999999999999773e+03
1.320000000000000000e+03
2.429000000000000000e+03
1.108999999999999773e+03
1.320000000000000000e+03
1.320000000000000000e+03
3.960000000000000000e+03
1.320000000000000000e+03
1.320000000000000000e+03
3.960000000000000000e+03
1.320000000000000000e+03
1.320000000000000000e+03
9.239999999999998181e+03
1.320000000000000000e+03
2.940529454043710757e+03
7.389999999999997726e+02
1.900999999999999773e+03
1.320000000000000000e+03
1.320000000000000000e+03
1.900999999999999773e+03
3.590000000000000000e+03
1.900999999999999773e+03
1.320000000000000000e+03
1.320000000000000000e+03
4.329999999999999091e+03
3.748999999999999545e+03
1.339830629409040739e+03
1.320000000000000000e+03
3.768830629409040739e+03
4.349830629409040739e+03
1.327966346017991782e+03
1.320000000000000000e+03
1.918281819157839664e+03
3.607281819157838981e+03
1.320000000000000000e+03
1.320000000000000000e+03
1.900999999999999773e+03
1.929104784513822324e+03
7.671047845138219827e+02
1.320000000000000000e+03
1.320000000000000000e+03
9.239999999999998181e+03
1.320000000000000000e+03
1.320000000000000000e+03
3.960000000000000000e+03
1.320000000000000000e+03
1.330565902145275686e+03
3.960000000000000000e+03
1.320000000000000000e+03
1.320000000000000000e+03
1.108999999999999773e+03
2.429000000000000000e+03
1.372999999999999773e+03
3.169999999999999432e+02
2.501219913150716820e+03
1.690000000000000000e+03
1.320000000000000000e+03
3.748999999999999545e+03
1.320000000000000000e+03
1.570863381737016880e+03
5.280000000000000000e+03
5.280000000000000000e+03
5.280000000000000000e+03
1.900999999999999773e+03
1.320000000000000000e+03
2.850999999999999545e+03
1.372999999999999773e+03
1.320000000000000000e+03
3.748999999999999545e+03
2.429000000000000000e+03
1.320000000000000000e+03
5.650000000000000000e+03
1.531000000000000000e+03
2.059000000000000000e+03
1.320000000000000000e+03
4.699000000000000000e+03
3.010000000000000000e+03
1.334950284064098696e+03
4.541000000000000000e+03
1.900999999999999773e+03
1.320003823652569963e+03
5.280000000000000000e+03
2.270000000000000000e+03
3.777487153481015866e+03
5.810000000000000000e+02
1.320000000000000000e+03
1.426000000000000000e+03
1.320000000000000000e+03
1.531000000000000000e+03
6.825424465195447738e+03
5.875955952786157468e+03
5.875955952786157468e+03
6.511181936442583265e+02
1.214000000000000000e+03
1.320000000000000000e+03
1.320000000000000000e+03
1.108999999999999773e+03
1.108999999999999773e+03
2.270000000000000000e+03
1.320000000000000000e+03
4.541000000000000000e+03
3.010000000000000000e+03
1.341490057713857368e+03
4.541000000000000000e+03
1.900999999999999773e+03
1.320000000000000000e+03
5.068999999999999091e+03
3.010000000000000000e+03
1.326988798042581266e+03
5.650000000000000000e+03
1.900999999999999773e+03
1.320000000000000000e+03
4.329999999999999091e+03
1.741999999999999773e+03
2.640000000000000000e+02
3.575750670530341267e+03
1.320000000000000000e+03
2.534000000000000000e+03
5.280000000000000000e+03
2.640000000000000000e+03
5.280000000000000000e+03
1.320000000000000000e+03
5.280000000000000000e+03
1.320000000000000000e+03
1.783486624596210504e+03
1.320000000000000000e+03
5.068999999999999091e+03
2.640000000000000000e+03
5.280000000000000000e+03
1.321579905202827149e+03
5.280000000000000000e+03
1.320000000000000000e+03
1.320000000000000000e+03
1.320000000000000000e+03
5.068999999999999091e+03
3.438559093468718856e+03
1.320000000000000000e+03
1.320000000000000000e+03
1.685604252362282068e+03
4.909999999999999091e+03
2.640000000000000000e+03
5.280000000000000000e+03
2.640000000000000000e+03
5.280000000000000000e+03
1.320000000000000000e+03
5.280000000000000000e+03
1.320000000000000000e+03
2.135917751221964409e+03
1.320000000000000000e+03
3.413795018999072454e+03
1.320000000000000000e+03
3.854000000000000455e+03
5.078919486119960311e+03
2.640000000000000000e+03
9.451000000000000000e+03
1.320000000000000000e+03
3.854000000000000455e+03
5.068999999999999091e+03
4.637502801111470944e+03
4.329999999999999091e+03
1.320000000000000000e+03
3.484999999999999545e+03
5.299114428746562226e+03
4.541000000000000000e+03
1.320000000000000000e+03
3.484999999999999545e+03
5.275604252362280022e+03
2.640008729154122648e+03
6.599999999999999091e+03
3.077636674797190153e+03
1.531008729154122420e+03
2.704393935738835353e+03
1.968636674797190153e+03
1.320000000000000000e+03
1.320000000000000000e+03
3.999464116242872024e+03
6.018999999999999091e+03
1.320000000000000000e+03
2.640000000000000000e+03
5.280000000000000000e+03
3.418464116242872933e+03
5.280000000000000000e+03
1.320000000000000000e+03
2.640000000000000000e+03
5.280000000000000000e+03
3.748999999999999545e+03
2.640000000000000000e+03
5.280000000000000000e+03
2.640000000000000000e+03
5.280000000000000000e+03
1.320000000000000000e+03
9.451000000000000000e+03
3.954970400941385378e+03
1.320000000000000000e+03
1.320000000000000000e+03
1.320000000000000000e+03
1.320000000000000000e+03
1.108999999999999773e+03
1.108999999999999773e+03
1.108999999999999773e+03
4.329999999999999091e+03
1.531000000000000000e+03
1.531000000000000000e+03
9.499999999999998863e+02
1.320000000000000000e+03
9.499999999999998863e+02
1.320000000000000000e+03
1.320000000000000000e+03
1.320000000000000000e+03
7.389999999999997726e+02
7.389999999999997726e+02
1.531000000000000000e+03
1.531000000000000000e+03
1.108999999999999773e+03
4.541000000000000000e+03
1.900999999999999773e+03
1.320000000000000000e+03
1.900999999999999773e+03
1.320000000000000000e+03
1.320000000000000000e+03
1.320000000000000000e+03
3.220999999999999545e+03
2.553013305418721757e+03
6.599999999999999091e+03
1.320000000000000000e+03
1.320000000000000000e+03
1.320000000000000000e+03
3.379000000000000000e+03
5.280000000000000000e+03
4.909999999999999091e+03
3.103947183725199920e+03
5.990772398752647860e+03
1.320000000000000000e+03
1.320000000000000000e+03
6.085466525424753854e+03
8.117364266058791600e+02
4.828957851052310616e+03
1.973736426605879387e+03
5.280000000000000000e+03
1.108999999999999773e+03
4.171000000000000000e+03
1.320000000000000000e+03
1.108999999999999773e+03
1.320000000000000000e+03
1.320000000000000000e+03
1.320000000000000000e+03
3.010000000000000000e+03
2.499196454004998941e+03
1.900999999999999773e+03
3.010000000000000000e+03
2.640000000000000000e+03
5.230283652779546173e+03
1.108999999999999773e+03
2.640000000000000000e+03
1.320000000000000000e+03
5.068999999999999091e+03
1.320000000000000000e+03
1.320000000000000000e+03
1.320000000000000000e+03
2.640000000000000000e+03
1.108999999999999773e+03
1.320000000000000000e+03
3.010000000000000000e+03
1.320000000000000000e+03
1.320000000000000000e+03
2.640000000000000000e+03
4.065999999999999545e+03
3.220999999999999545e+03
5.650000000000000000e+03
1.320000000000000000e+03
4.065999999999999545e+03
3.379000000000000000e+03
2.446638440733770494e+03
7.389999999999997726e+02
4.909999999999999091e+03
2.429000000000000000e+03
1.913258576760021924e+03
8.658999999999998181e+03
1.376179218724963903e+03
1.900999999999999773e+03
1.320000000000000000e+03
1.320000000000000000e+03
1.341387167724053825e+03
3.301173098571326591e+03
1.352552795564803318e+03
2.640000000000000000e+03
5.990957851052310616e+03
1.341387167724053825e+03
5.280000000000000000e+03
2.640000000000000000e+03
5.280000000000000000e+03
1.572793475391519678e+03
4.171000000000000000e+03
7.389999999999997726e+02
1.320000000000000000e+03
3.010000000000000000e+03
1.900999999999999773e+03
7.389999999999997726e+02
7.181000000000000909e+03
7.389999999999997726e+02
2.059000000000000000e+03
4.541000000000000000e+03
1.320000000000000000e+03
7.389999999999997726e+02
4.329999999999999091e+03
5.068999999999999091e+03
4.541000000000000000e+03
6.811000000000000000e+03
3.240011676322400035e+03
5.068999999999999091e+03
2.640000000000000000e+03
2.270000000000000000e+03
2.850999999999999545e+03
1.424522502659973270e+03
1.900999999999999773e+03
2.640000000000000000e+03
3.010000000000000000e+03
2.850999999999999545e+03
3.010000000000000000e+03
2.640000000000000000e+03
5.650000000000000000e+03
2.270000000000000000e+03
2.640000000000000000e+03
2.270000000000000000e+03
7.181000000000000909e+03
6.811000000000000000e+03
4.541000000000000000e+03
1.900999999999999773e+03
8.658999999999998181e+03
4.329999999999999091e+03
1.900999999999999773e+03
7.389999999999997726e+02
2.640000000000000000e+03
5.280000000000000000e+03
1.320000000000000000e+03
5.280000000000000000e+03
1.320000000000000000e+03
1.320000000000000000e+03
1.320000000000000000e+03
1.531000000000000000e+03
4.541000000000000000e+03
1.531000000000000000e+03
2.270000000000000000e+03
9.499999999999998863e+02
2.270000000000000000e+03
4.171000000000000000e+03
2.850999999999999545e+03
4.171000000000000000e+03
2.640000000000000000e+03
3.029011676322399580e+03
2.850999999999999545e+03
2.640000000000000000e+03
2.640000000000000000e+03
2.640000000000000000e+03
1.320000000000000000e+03
2.640000000000000000e+03
2.850999999999999545e+03
2.640000000000000000e+03
2.640000000000000000e+03
1.320000000000000000e+03
2.640000000000000000e+03
1.342079716339280139e+03
2.270000000000000000e+03
1.108999999999999773e+03
1.690000000000000000e+03
1.108999999999999773e+03
5.068999999999999091e+03
1.320000000000000000e+03
2.429000000000000000e+03
1.900999999999999773e+03
5.068999999999999091e+03
1.900999999999999773e+03
1.320000000000000000e+03
2.481999999999999545e+03
1.900999999999999773e+03
1.108999999999999773e+03
5.490999999999999091e+03
2.059000000000000000e+03
1.108999999999999773e+03
7.389999999999997726e+02
1.320000000000000000e+03
7.389999999999997726e+02
1.320000000000000000e+03
1.320000000000000000e+03
1.320000000000000000e+03
1.320000000000000000e+03
2.611720030654448237e+03
1.320000000000000000e+03
7.920000000000000000e+03
2.640000000000000000e+03
1.320000000000000000e+03
5.280000000000000000e+03
2.640000000000000000e+03
5.280000000000000000e+03
1.320000000000000000e+03
1.690000000000000000e+03
1.108999999999999773e+03
1.320000000000000000e+03
2.640000000000000000e+03
9.499999999999998863e+02
4.541000000000000000e+03
1.320000000000000000e+03
2.640000000000000000e+03
2.640000000000000000e+03
2.640000000000000000e+03
5.582314009940782853e+03
2.640000000000000000e+03
2.640000000000000000e+03
2.640000000000000000e+03
5.280000000000000000e+03
2.640000000000000000e+03
2.640000000000000000e+03
5.280000000000000000e+03
5.280000000000000000e+03
1.108999999999999773e+03
5.280000000000000000e+03
5.280000000000000000e+03
1.900999999999999773e+03
1.690000000000000000e+03
1.320000000000000000e+03
1.690000000000000000e+03
2.850999999999999545e+03
1.623089929755544972e+03
2.850999999999999545e+03
7.389999999999997726e+02
2.640000000000000000e+03
5.280000000000000000e+03
1.320000000000000000e+03
5.280000000000000000e+03
1.320000000000000000e+03
1.320000000000000000e+03
1.320000000000000000e+03
2.270000000000000000e+03
4.541000000000000000e+03
2.270000000000000000e+03
1.900999999999999773e+03
5.280000000000000000e+03
1.900999999999999773e+03
3.748999999999999545e+03
5.280000000000000000e+03
3.748999999999999545e+03
2.640000000000000000e+03
5.810712808221611340e+03
5.280000000000000000e+03
2.640000000000000000e+03
2.640000000000000000e+03
5.280000000000000000e+03
5.280000000000000000e+03
2.640000000000000000e+03
5.280000000000000000e+03
5.280000000000000000e+03
5.280000000000000000e+03
5.280000000000000000e+03
5.280000000000000000e+03
5.280000000000000000e+03
7.406901370170490964e+02
5.280000000000000000e+03
5.280000000000000000e+03
5.280000000000000000e+03
5.490999999999999091e+03
5.280000000000000000e+03
1.900999999999999773e+03
4.541000000000000000e+03
1.320000000000000000e+03
1.900999999999999773e+03
1.321609423085526032e+03
1.320000000000000000e+03
1.320000000000000000e+03
1.321609423085526032e+03
1.925829230264563876e+03
2.640000000000000000e+03
1.320000000000000000e+03
5.280000000000000000e+03
8.064450459700286956e+03
2.640000000000000000e+03
5.280000000000000000e+03
4.541000000000000000e+03
7.389999999999997726e+02
2.640000000000000000e+03
5.280000000000000000e+03
1.320000000000000000e+03
5.280000000000000000e+03
1.320000000000000000e+03
1.320000000000000000e+03
1.320000000000000000e+03
2.270000000000000000e+03
5.280000000000000000e+03
2.270000000000000000e+03
1.900999999999999773e+03
6.018999999999999091e+03
1.900999999999999773e+03
3.748999999999999545e+03
1.320000000000000000e+03
2.640000000000000000e+03
5.280000000000000000e+03
3.748999999999999545e+03
2.640000000000000000e+03
5.280000000000000000e+03
2.640000000000000000e+03
2.640000000000000000e+03
5.280000000000000000e+03
5.280000000000000000e+03
2.640000000000000000e+03
5.280000000000000000e+03
5.280000000000000000e+03
5.280000000000000000e+03
5.280000000000000000e+03
5.280000000000000000e+03
5.280000000000000000e+03
1.320000000000000000e+03
2.640000000000000000e+03
5.282430002212377076e+03
5.280000000000000000e+03
3.748999999999999545e+03
1.320000000000000000e+03
3.748999999999999545e+03
1.531000000000000000e+03
1.320000000000000000e+03
7.389999999999997726e+02
1.531000000000000000e+03
1.900999999999999773e+03
5.280000000000000000e+03
1.320000000000000000e+03
1.900999999999999773e+03
1.320000000000000000e+03
1.320000000000000000e+03
1.320000000000000000e+03
1.320000000000000000e+03
1.320000000000000000e+03
2.640000000000000000e+03
9.542478468518040245e+03
1.320000000000000000e+03
5.280000000000000000e+03
2.640000000000000000e+03
5.280000000000000000e+03
2.640000000000000000e+03
5.280000000000000000e+03
1.320000000000000000e+03
5.280000000000000000e+03
1.320000000000000000e+03
1.320000000000000000e+03
1.320000000000000000e+03
1.531000000000000000e+03
1.531000000000000000e+03
1.108999999999999773e+03
6.018999999999999091e+03
1.108999999999999773e+03
5.280000000000000000e+03
5.280000000000000000e+03
1.320000000000000000e+03
2.640000000000000000e+03
5.280000000000000000e+03
2.640000000000000000e+03
5.691846992088809202e+03
5.280000000000000000e+03
2.640000000000000000e+03
2.640000000000000000e+03
5.280000000000000000e+03
5.280000000000000000e+03
2.640000000000000000e+03
5.280000000000000000e+03
5.280000000000000000e+03
5.280000000000000000e+03
5.280000000000000000e+03
5.280000000000000000e+03
5.280000000000000000e+03
1.320000000000000000e+03
2.640000000000000000e+03
5.280000000000000000e+03
5.280000000000000000e+03
5.280000000000000000e+03
5.280000000000000000e+03
5.280000000000000000e+03
1.900999999999999773e+03
6.811000000000000000e+03
1.320000000000000000e+03
1.900999999999999773e+03
2.355735386697206650e+03
1.320000000000000000e+03
1.108999999999999773e+03
4.413432720401135157e+03
2.858838673454490163e+03
1.108999999999999773e+03
3.364726441381362292e+03
1.320000000000000000e+03
2.640000000000000000e+03
1.359876574533684334e+03
5.280000000000000000e+03
1.531329060624060048e+03
2.640000000000000000e+03
5.280000000000000000e+03
2.855463257476587842e+03
1.531000000000000000e+03
5.280000000000000000e+03
2.974570908701176450e+03
5.280000000000000000e+03
5.614570908701175540e+03
1.531000000000000000e+03
1.320000000000000000e+03
1.865570908701176222e+03
1.320000000000000000e+03
2.609351624816419189e+03
1.573448054109972418e+03
3.700000000000000000e+02
1.320000000000000000e+03
2.640000000000000000e+03
5.280000000000000000e+03
2.721305797866718876e+03
1.320000000000000000e+03
2.640000000000000000e+03
5.280000000000000000e+03
2.640000000000000000e+03
5.280000000000000000e+03
5.280000000000000000e+03
2.640000000000000000e+03
2.640000000000000000e+03
5.280000000000000000e+03
2.640000000000000000e+03
5.280000000000000000e+03
5.280000000000000000e+03
5.280000000000000000e+03
5.280000000000000000e+03
5.280000000000000000e+03
5.280000000000000000e+03
1.320000000000000000e+03
2.850999999999999545e+03
5.280000000000000000e+03
5.280000000000000000e+03
5.280000000000000000e+03
1.320000000000000000e+03
2.798000000000000000e+03
6.811000000000000000e+03
2.850999999999999545e+03
5.280000000000000000e+03
1.320000000000000000e+03
2.850999999999999545e+03
1.320000000000000000e+03
1.339700769708296093e+03
1.320000000000000000e+03
5.810000000000000000e+02
5.280000000000000000e+03
5.810000000000000000e+02
5.280000000000000000e+03
2.640000000000000000e+03
5.280000000000000000e+03
2.640000000000000000e+03
5.280000000000000000e+03
2.640000000000000000e+03
5.280000000000000000e+03
2.640000000000000000e+03
5.280000000000000000e+03
2.640000000000000000e+03
5.280000000000000000e+03
2.640000000000000000e+03
5.280000000000000000e+03
