5.280000000000000000e+03
5.280323486328125000e+03
5.280000000000000000e+03
5.281549707031250364e+03
5.280000000000000000e+03
5.280000000000000000e+03
5.280000000000000000e+03
2.640000000000000000e+03
2.640000000000000000e+03
2.640000000000000000e+03
2.640000000000000000e+03
2.640000000000000000e+03
2.640000000000000000e+03
2.640000000000000000e+03
2.640000000000000000e+03
2.640000000000000000e+03
2.640000000000000000e+03
2.640000000000000000e+03
2.640000000000000000e+03
2.640000000000000000e+03
2.640000000000000000e+03
2.640000000000000000e+03
2.640000000000000000e+03
2.640000000000000000e+03
2.640000000000000000e+03
2.640000000000000000e+03
2.640000000000000000e+03
2.640000000000000000e+03
2.640000000000000000e+03
1.320000000000000000e+03
1.320000000000000000e+03
1.320000000000000000e+03
1.320000000000000000e+03
1.320000000000000000e+03
1.320000000000000000e+03
1.320000000000000000e+03
1.320000000000000000e+03
1.320000000000000000e+03
1.320000000000000000e+03
1.321197705078124955e+03
1.320000000000000000e+03
1.320000000000000000e+03
1.320000000000000000e+03
1.320000000000000000e+03
1.320000000000000000e+03
1.320000000000000000e+03
1.320000000000000000e+03
1.321028417968750091e+03
1.320000000000000000e+03
1.320000000000000000e+03
1.320000000000000000e+03
1.320000000000000000e+03
1.320000000000000000e+03
1.320000000000000000e+03
1.320000000000000000e+03
1.320000000000000000e+03
1.320000000000000000e+03
1.320000000000000000e+03
1.320000000000000000e+03
3.854000000000000000e+03
3.854000000000000000e+03
3.485000000000000000e+03
3.485000000000000000e+03
2.640000000000000000e+03
2.640000000000000000e+03
2.640000000000000000e+03
2.640000000000000000e+03
4.066000000000000000e+03
4.066000000000000000e+03
2.640000000000000000e+03
7.920000000000000000e+03
2.640000000000000000e+03
2.640000000000000000e+03
2.640000000000000000e+03
2.640000000000000000e+03
2.429000000000000000e+03
2.482000000000000000e+03
2.640000000000000000e+03
2.640000000000000000e+03
2.640000000000000000e+03
2.640000000000000000e+03
2.640000000000000000e+03
2.640000000000000000e+03
2.640000000000000000e+03
2.640000000000000000e+03
2.640000000000000000e+03
2.640000000000000000e+03
2.851000000000000000e+03
2.798000000000000000e+03
1.320000000000000000e+03
1.320000000000000000e+03
1.320000000000000000e+03
1.320000000000000000e+03
1.320000000000000000e+03
1.320000000000000000e+03
1.320000000000000000e+03
1.320000000000000000e+03
1.320000000000000000e+03
1.320000000000000000e+03
1.320000000000000000e+03
1.320000000000000000e+03
5.282247167968749636e+03
5.283126074218749636e+03
2.640167724609375000e+03
1.320000000000000000e+03
1.690167724609375000e+03
1.109167724609375000e+03
1.320000000000000000e+03
1.320000000000000000e+03
8.501000000000000000e+03
1.320000000000000000e+03
1.320000000000000000e+03
6.811000000000000000e+03
1.320000000000000000e+03
1.320000000000000000e+03
1.320000000000000000e+03
2.270000000000000000e+03
1.320000000000000000e+03
5.280229003906250000e+03
5.280000000000000000e+03
5.280000000000000000e+03
2.270000000000000000e+03
1.320000000000000000e+03
1.320000000000000000e+03
1.320000000000000000e+03
1.320000000000000000e+03
6.811000000000000000e+03
1.320000000000000000e+03
1.320000000000000000e+03
8.501000000000000000e+03
1.320000000000000000e+03
1.321709423828124955e+03
1.109000000000000000e+03
1.690000000000000000e+03
2.640000000000000000e+03
1.320000000000000000e+03
5.281202392578125000e+03
5.280000000000000000e+03
5.280550781250000000e+03
1.320000000000000000e+03
1.320000000000000000e+03
1.109000000000000000e+03
1.531000000000000000e+03
1.690000000000000000e+03
1.320000000000000000e+03
1.320000000000000000e+03
3.379000000000000000e+03
1.320000000000000000e+03
1.320000000000000000e+03
6.019000000000000000e+03
1.320000000000000000e+03
1.320000000000000000e+03
3.010000000000000000e+03
1.320000000000000000e+03
1.320000000000000000e+03
1.901000000000000000e+03
1.320000000000000000e+03
1.320000000000000000e+03
3.749000000000000000e+03
1.320000000000000000e+03
1.320000000000000000e+03
1.320000000000000000e+03
3.749000000000000000e+03
1.320000000000000000e+03
1.320000000000000000e+03
1.901000000000000000e+03
1.320000000000000000e+03
1.320000000000000000e+03
3.010000000000000000e+03
1.320000000000000000e+03
1.320000000000000000e+03
6.019000000000000000e+03
1.320000000000000000e+03
1.320000000000000000e+03
3.379000000000000000e+03
1.690000000000000000e+03
1.320000000000000000e+03
1.320000000000000000e+03
1.531000000000000000e+03
1.109000000000000000e+03
1.320000000000000000e+03
1.321908691406250000e+03
5.280000000000000000e+03
5.280000000000000000e+03
5.280000000000000000e+03
1.320000000000000000e+03
1.320000000000000000e+03
2.640000000000000000e+03
3.010000000000000000e+03
1.320000000000000000e+03
1.320000000000000000e+03
4.171000000000000000e+03
1.320000000000000000e+03
1.320000000000000000e+03
4.171000000000000000e+03
1.320000000000000000e+03
1.320000000000000000e+03
3.010000000000000000e+03
1.531000000000000000e+03
1.320000000000000000e+03
1.320000000000000000e+03
4.171000000000000000e+03
1.531000000000000000e+03
1.320000000000000000e+03
2.270000000000000000e+03
1.690000000000000000e+03
1.320000000000000000e+03
1.320000000000000000e+03
7.390000000000000000e+02
3.062000000000000000e+03
1.320000000000000000e+03
6.340000000000000000e+02
1.320000000000000000e+03
5.280000000000000000e+03
1.320000000000000000e+03
1.320637402343749955e+03
4.541000000000000000e+03
1.320000000000000000e+03
1.320000000000000000e+03
4.541000000000000000e+03
1.320000000000000000e+03
1.321037060546874955e+03
4.330000000000000000e+03
5.810000000000000000e+02
1.320000000000000000e+03
3.696000000000000000e+03
1.109000000000000000e+03
1.320000000000000000e+03
1.320000000000000000e+03
1.690000000000000000e+03
1.109000000000000000e+03
3.010000000000000000e+03
1.320175195312499909e+03
3.379000000000000000e+03
1.320000000000000000e+03
1.320000000000000000e+03
1.531000000000000000e+03
3.010000000000000000e+03
1.320000000000000000e+03
1.320000000000000000e+03
4.171000000000000000e+03
1.320000000000000000e+03
1.320000000000000000e+03
4.171000000000000000e+03
1.320000000000000000e+03
1.320000000000000000e+03
3.010000000000000000e+03
2.640000000000000000e+03
1.320000000000000000e+03
1.320105224609375000e+03
5.280000000000000000e+03
5.280000000000000000e+03
5.280000000000000000e+03
1.320000000000000000e+03
1.320000000000000000e+03
3.749000000000000000e+03
1.690000000000000000e+03
3.170000000000000000e+02
1.320000000000000000e+03
1.373000000000000000e+03
1.320000000000000000e+03
2.429000000000000000e+03
1.109000000000000000e+03
1.320000000000000000e+03
1.320000000000000000e+03
3.960000000000000000e+03
1.320000000000000000e+03
1.320000000000000000e+03
3.960000000000000000e+03
1.320000000000000000e+03
1.320000000000000000e+03
9.240000000000000000e+03
1.320000000000000000e+03
1.321665820312500045e+03
7.390000000000000000e+02
1.901000000000000000e+03
1.320000000000000000e+03
1.320000000000000000e+03
1.901000000000000000e+03
3.590000000000000000e+03
1.901000000000000000e+03
1.320000000000000000e+03
1.320000000000000000e+03
4.330000000000000000e+03
3.749000000000000000e+03
1.320000000000000000e+03
1.320000000000000000e+03
3.749000000000000000e+03
4.330000000000000000e+03
1.320000000000000000e+03
1.320000000000000000e+03
1.901000000000000000e+03
3.590000000000000000e+03
1.320000000000000000e+03
1.320000000000000000e+03
1.901000000000000000e+03
1.901000000000000000e+03
7.390000000000000000e+02
1.320000000000000000e+03
1.320000000000000000e+03
9.240000000000000000e+03
1.320000000000000000e+03
1.320000000000000000e+03
3.960000000000000000e+03
1.320000000000000000e+03
1.320000000000000000e+03
3.960000000000000000e+03
1.320000000000000000e+03
1.320000000000000000e+03
1.109000000000000000e+03
2.429000000000000000e+03
1.373000000000000000e+03
3.170000000000000000e+02
1.321218115234375091e+03
1.690000000000000000e+03
1.320000000000000000e+03
3.749000000000000000e+03
1.320000000000000000e+03
1.320235302734374955e+03
5.280000000000000000e+03
5.280000000000000000e+03
5.280000000000000000e+03
1.901000000000000000e+03
1.320000000000000000e+03
2.851000000000000000e+03
1.373000000000000000e+03
1.320000000000000000e+03
3.749000000000000000e+03
2.429000000000000000e+03
1.320000000000000000e+03
5.650000000000000000e+03
1.531000000000000000e+03
2.059000000000000000e+03
1.320000000000000000e+03
4.699000000000000000e+03
3.010000000000000000e+03
1.320000000000000000e+03
4.541000000000000000e+03
1.901000000000000000e+03
1.320000000000000000e+03
5.280000000000000000e+03
2.270000000000000000e+03
1.322518554687500000e+03
5.810000000000000000e+02
1.320000000000000000e+03
1.426000000000000000e+03
1.320000000000000000e+03
1.531000000000000000e+03
5.281549707031250364e+03
5.280597607421875182e+03
5.280597607421875182e+03
5.810703125000000000e+02
1.214000000000000000e+03
1.320000000000000000e+03
1.320000000000000000e+03
1.109000000000000000e+03
1.109000000000000000e+03
2.270000000000000000e+03
1.320000000000000000e+03
4.541000000000000000e+03
3.010000000000000000e+03
1.320000000000000000e+03
4.541000000000000000e+03
1.901000000000000000e+03
1.320000000000000000e+03
5.069000000000000000e+03
3.010000000000000000e+03
1.320000000000000000e+03
5.650000000000000000e+03
1.901000000000000000e+03
1.320000000000000000e+03
4.330000000000000000e+03
1.742000000000000000e+03
2.640000000000000000e+02
1.322297216796875091e+03
1.320000000000000000e+03
2.534000000000000000e+03
5.280000000000000000e+03
2.640000000000000000e+03
5.280000000000000000e+03
1.320000000000000000e+03
5.280000000000000000e+03
1.320000000000000000e+03
1.320471874999999955e+03
1.320000000000000000e+03
5.069000000000000000e+03
2.640000000000000000e+03
5.280000000000000000e+03
1.320000000000000000e+03
5.280000000000000000e+03
1.320000000000000000e+03
1.320000000000000000e+03
1.320000000000000000e+03
5.069000000000000000e+03
1.322161621093750000e+03
1.320000000000000000e+03
1.320000000000000000e+03
1.320403808593750000e+03
4.910000000000000000e+03
2.640000000000000000e+03
5.280000000000000000e+03
2.640000000000000000e+03
5.280000000000000000e+03
1.320000000000000000e+03
5.280000000000000000e+03
1.320000000000000000e+03
1.320823242187500000e+03
1.320000000000000000e+03
2.640790478515625182e+03
1.320000000000000000e+03
3.854000000000000000e+03
5.069021484375000000e+03
2.640000000000000000e+03
9.451000000000000000e+03
1.320000000000000000e+03
3.854000000000000000e+03
5.069000000000000000e+03
2.642043359374999909e+03
4.330000000000000000e+03
1.320000000000000000e+03
3.485000000000000000e+03
2.642713720703125091e+03
4.541000000000000000e+03
1.320000000000000000e+03
3.485000000000000000e+03
4.910403808593750000e+03
2.640000000000000000e+03
6.600000000000000000e+03
2.640472119140625182e+03
1.531000000000000000e+03
1.321412499999999909e+03
1.531472119140624955e+03
1.320000000000000000e+03
1.320000000000000000e+03
1.322763525390625091e+03
6.019000000000000000e+03
1.320000000000000000e+03
2.640000000000000000e+03
5.280000000000000000e+03
7.417635253906249773e+02
5.280000000000000000e+03
1.320000000000000000e+03
2.640000000000000000e+03
5.280000000000000000e+03
3.749000000000000000e+03
2.640000000000000000e+03
5.280000000000000000e+03
2.640000000000000000e+03
5.280000000000000000e+03
1.320000000000000000e+03
9.451000000000000000e+03
1.903135449218749955e+03
1.320000000000000000e+03
1.320000000000000000e+03
1.320000000000000000e+03
1.320000000000000000e+03
1.109000000000000000e+03
1.109000000000000000e+03
1.109000000000000000e+03
4.330000000000000000e+03
1.531000000000000000e+03
1.531000000000000000e+03
9.500000000000000000e+02
1.320000000000000000e+03
9.500000000000000000e+02
1.320000000000000000e+03
1.320000000000000000e+03
1.320000000000000000e+03
7.390000000000000000e+02
7.390000000000000000e+02
1.531000000000000000e+03
1.531000000000000000e+03
1.109000000000000000e+03
4.541000000000000000e+03
1.901000000000000000e+03
1.320000000000000000e+03
1.901000000000000000e+03
1.320000000000000000e+03
1.320000000000000000e+03
1.320000000000000000e+03
3.221000000000000000e+03
1.321270898437499909e+03
6.600000000000000000e+03
1.320000000000000000e+03
1.320000000000000000e+03
1.320000000000000000e+03
3.379000000000000000e+03
5.280000000000000000e+03
4.910000000000000000e+03
1.321830126953125045e+03
3.751326660156250000e+03
1.320000000000000000e+03
1.320000000000000000e+03
1.324898583984374909e+03
7.390536621093749545e+02
7.432110839843750227e+02
1.901053662109374955e+03
5.280000000000000000e+03
1.109000000000000000e+03
4.171000000000000000e+03
1.320000000000000000e+03
1.109000000000000000e+03
1.320000000000000000e+03
1.320000000000000000e+03
1.320000000000000000e+03
3.010000000000000000e+03
1.321194628906250045e+03
1.901000000000000000e+03
3.010000000000000000e+03
2.640000000000000000e+03
5.069206591796874818e+03
1.109000000000000000e+03
2.640000000000000000e+03
1.320000000000000000e+03
5.069000000000000000e+03
1.320000000000000000e+03
1.320000000000000000e+03
1.320000000000000000e+03
2.640000000000000000e+03
1.109000000000000000e+03
1.320000000000000000e+03
3.010000000000000000e+03
1.320000000000000000e+03
1.320000000000000000e+03
2.640000000000000000e+03
4.066000000000000000e+03
3.221000000000000000e+03
5.650000000000000000e+03
1.320000000000000000e+03
4.066000000000000000e+03
3.379000000000000000e+03
2.429000000000000000e+03
7.390000000000000000e+02
4.910000000000000000e+03
2.429000000000000000e+03
1.901000000000000000e+03
8.659000000000000000e+03
1.320000000000000000e+03
1.901000000000000000e+03
1.320000000000000000e+03
1.320000000000000000e+03
1.320000000000000000e+03
1.322043017578125045e+03
1.320058203125000091e+03
2.640000000000000000e+03
1.905211083984374909e+03
1.320000000000000000e+03
5.280000000000000000e+03
2.640000000000000000e+03
5.280000000000000000e+03
1.320267529296874955e+03
4.171000000000000000e+03
7.390000000000000000e+02
1.320000000000000000e+03
3.010000000000000000e+03
1.901000000000000000e+03
7.390000000000000000e+02
7.181000000000000000e+03
7.390000000000000000e+02
2.059000000000000000e+03
4.541000000000000000e+03
1.320000000000000000e+03
7.390000000000000000e+02
4.330000000000000000e+03
5.069000000000000000e+03
4.541000000000000000e+03
6.811000000000000000e+03
2.851438671875000182e+03
5.069000000000000000e+03
2.640000000000000000e+03
2.270000000000000000e+03
2.851000000000000000e+03
1.320077294921874909e+03
1.901000000000000000e+03
2.640000000000000000e+03
3.010000000000000000e+03
2.851000000000000000e+03
3.010000000000000000e+03
2.640000000000000000e+03
5.650000000000000000e+03
2.270000000000000000e+03
2.640000000000000000e+03
2.270000000000000000e+03
7.181000000000000000e+03
6.811000000000000000e+03
4.541000000000000000e+03
1.901000000000000000e+03
8.659000000000000000e+03
4.330000000000000000e+03
1.901000000000000000e+03
7.390000000000000000e+02
2.640000000000000000e+03
5.280000000000000000e+03
1.320000000000000000e+03
5.280000000000000000e+03
1.320000000000000000e+03
1.320000000000000000e+03
1.320000000000000000e+03
1.531000000000000000e+03
4.541000000000000000e+03
1.531000000000000000e+03
2.270000000000000000e+03
9.500000000000000000e+02
2.270000000000000000e+03
4.171000000000000000e+03
2.851000000000000000e+03
4.171000000000000000e+03
2.640000000000000000e+03
2.640438671875000182e+03
2.851000000000000000e+03
2.640000000000000000e+03
2.640000000000000000e+03
2.640000000000000000e+03
1.320000000000000000e+03
2.640000000000000000e+03
2.851000000000000000e+03
2.640000000000000000e+03
2.640000000000000000e+03
1.320000000000000000e+03
2.640000000000000000e+03
1.320000000000000000e+03
2.270000000000000000e+03
1.109000000000000000e+03
1.690000000000000000e+03
1.109000000000000000e+03
5.069000000000000000e+03
1.320000000000000000e+03
2.429000000000000000e+03
1.901000000000000000e+03
5.069000000000000000e+03
1.901000000000000000e+03
1.320000000000000000e+03
2.482000000000000000e+03
1.901000000000000000e+03
1.109000000000000000e+03
5.491000000000000000e+03
2.059000000000000000e+03
1.109000000000000000e+03
7.390000000000000000e+02
1.320000000000000000e+03
7.390000000000000000e+02
1.320000000000000000e+03
1.320000000000000000e+03
1.320000000000000000e+03
1.320000000000000000e+03
1.321360009765624909e+03
1.320000000000000000e+03
7.920000000000000000e+03
2.640000000000000000e+03
1.320000000000000000e+03
5.280000000000000000e+03
2.640000000000000000e+03
5.280000000000000000e+03
1.320000000000000000e+03
1.690000000000000000e+03
1.109000000000000000e+03
1.320000000000000000e+03
2.640000000000000000e+03
9.500000000000000000e+02
4.541000000000000000e+03
1.320000000000000000e+03
2.640000000000000000e+03
2.640000000000000000e+03
2.640000000000000000e+03
5.280345849609375364e+03
2.640000000000000000e+03
2.640000000000000000e+03
2.640000000000000000e+03
5.280000000000000000e+03
2.640000000000000000e+03
2.640000000000000000e+03
5.280000000000000000e+03
5.280000000000000000e+03
1.109000000000000000e+03
5.280000000000000000e+03
5.280000000000000000e+03
1.901000000000000000e+03
1.690000000000000000e+03
1.320000000000000000e+03
1.690000000000000000e+03
2.851000000000000000e+03
1.320273828124999909e+03
2.851000000000000000e+03
7.390000000000000000e+02
2.640000000000000000e+03
5.280000000000000000e+03
1.320000000000000000e+03
5.280000000000000000e+03
1.320000000000000000e+03
1.320000000000000000e+03
1.320000000000000000e+03
2.270000000000000000e+03
4.541000000000000000e+03
2.270000000000000000e+03
1.901000000000000000e+03
5.280000000000000000e+03
1.901000000000000000e+03
3.749000000000000000e+03
5.280000000000000000e+03
3.749000000000000000e+03
2.640000000000000000e+03
5.280578613281250000e+03
5.280000000000000000e+03
2.640000000000000000e+03
2.640000000000000000e+03
5.280000000000000000e+03
5.280000000000000000e+03
2.640000000000000000e+03
5.280000000000000000e+03
5.280000000000000000e+03
5.280000000000000000e+03
5.280000000000000000e+03
5.280000000000000000e+03
5.280000000000000000e+03
7.390000000000000000e+02
5.280000000000000000e+03
5.280000000000000000e+03
5.280000000000000000e+03
5.491000000000000000e+03
5.280000000000000000e+03
1.901000000000000000e+03
4.541000000000000000e+03
1.320000000000000000e+03
1.901000000000000000e+03
1.320000000000000000e+03
1.320000000000000000e+03
1.320000000000000000e+03
1.320000000000000000e+03
1.320672070312499955e+03
2.640000000000000000e+03
1.320000000000000000e+03
5.280000000000000000e+03
5.282839746093750364e+03
2.640000000000000000e+03
5.280000000000000000e+03
4.541000000000000000e+03
7.390000000000000000e+02
2.640000000000000000e+03
5.280000000000000000e+03
1.320000000000000000e+03
5.280000000000000000e+03
1.320000000000000000e+03
1.320000000000000000e+03
1.320000000000000000e+03
2.270000000000000000e+03
5.280000000000000000e+03
2.270000000000000000e+03
1.901000000000000000e+03
6.019000000000000000e+03
1.901000000000000000e+03
3.749000000000000000e+03
1.320000000000000000e+03
2.640000000000000000e+03
5.280000000000000000e+03
3.749000000000000000e+03
2.640000000000000000e+03
5.280000000000000000e+03
2.640000000000000000e+03
2.640000000000000000e+03
5.280000000000000000e+03
5.280000000000000000e+03
2.640000000000000000e+03
5.280000000000000000e+03
5.280000000000000000e+03
5.280000000000000000e+03
5.280000000000000000e+03
5.280000000000000000e+03
5.280000000000000000e+03
1.320000000000000000e+03
2.640000000000000000e+03
5.280000000000000000e+03
5.280000000000000000e+03
3.749000000000000000e+03
1.320000000000000000e+03
3.749000000000000000e+03
1.531000000000000000e+03
1.320000000000000000e+03
7.390000000000000000e+02
1.531000000000000000e+03
1.901000000000000000e+03
5.280000000000000000e+03
1.320000000000000000e+03
1.901000000000000000e+03
1.320000000000000000e+03
1.320000000000000000e+03
1.320000000000000000e+03
1.320000000000000000e+03
1.320000000000000000e+03
2.640000000000000000e+03
5.284374072265624818e+03
1.320000000000000000e+03
5.280000000000000000e+03
2.640000000000000000e+03
5.280000000000000000e+03
2.640000000000000000e+03
5.280000000000000000e+03
1.320000000000000000e+03
5.280000000000000000e+03
1.320000000000000000e+03
1.320000000000000000e+03
1.320000000000000000e+03
1.531000000000000000e+03
1.531000000000000000e+03
1.109000000000000000e+03
6.019000000000000000e+03
1.109000000000000000e+03
5.280000000000000000e+03
5.280000000000000000e+03
1.320000000000000000e+03
2.640000000000000000e+03
5.280000000000000000e+03
2.640000000000000000e+03
5.280433349609375000e+03
5.280000000000000000e+03
2.640000000000000000e+03
2.640000000000000000e+03
5.280000000000000000e+03
5.280000000000000000e+03
2.640000000000000000e+03
5.280000000000000000e+03
5.280000000000000000e+03
5.280000000000000000e+03
5.280000000000000000e+03
5.280000000000000000e+03
5.280000000000000000e+03
1.320000000000000000e+03
2.640000000000000000e+03
5.280000000000000000e+03
5.280000000000000000e+03
5.280000000000000000e+03
5.280000000000000000e+03
5.280000000000000000e+03
1.901000000000000000e+03
6.811000000000000000e+03
1.320000000000000000e+03
1.901000000000000000e+03
1.110313525390625045e+03
1.320000000000000000e+03
1.109000000000000000e+03
1.112410546874999909e+03
1.321582568359375045e+03
1.109000000000000000e+03
3.730949218750000114e+02
1.320000000000000000e+03
2.640000000000000000e+03
3.710517578125000000e+02
5.280000000000000000e+03
1.531000000000000000e+03
2.640000000000000000e+03
5.280000000000000000e+03
1.321554492187500045e+03
1.531000000000000000e+03
5.280000000000000000e+03
2.640335498046874818e+03
5.280000000000000000e+03
5.280335498046874818e+03
1.531000000000000000e+03
1.320000000000000000e+03
1.531335498046875045e+03
1.320000000000000000e+03
1.321302587890625091e+03
1.320254150390625000e+03
3.700000000000000000e+02
1.320000000000000000e+03
2.640000000000000000e+03
5.280000000000000000e+03
3.723756347656250227e+02
1.320000000000000000e+03
2.640000000000000000e+03
5.280000000000000000e+03
2.640000000000000000e+03
5.280000000000000000e+03
5.280000000000000000e+03
2.640000000000000000e+03
2.640000000000000000e+03
5.280000000000000000e+03
2.640000000000000000e+03
5.280000000000000000e+03
5.280000000000000000e+03
5.280000000000000000e+03
5.280000000000000000e+03
5.280000000000000000e+03
5.280000000000000000e+03
1.320000000000000000e+03
2.851000000000000000e+03
5.280000000000000000e+03
5.280000000000000000e+03
5.280000000000000000e+03
1.320000000000000000e+03
2.798000000000000000e+03
6.811000000000000000e+03
2.851000000000000000e+03
5.280000000000000000e+03
1.320000000000000000e+03
2.851000000000000000e+03
1.320000000000000000e+03
1.320000000000000000e+03
1.320000000000000000e+03
5.810000000000000000e+02
5.280000000000000000e+03
5.810000000000000000e+02
5.280000000000000000e+03
2.640000000000000000e+03
5.280000000000000000e+03
2.640000000000000000e+03
5.280000000000000000e+03
2.640000000000000000e+03
5.280000000000000000e+03
2.640000000000000000e+03
5.280000000000000000e+03
2.640000000000000000e+03
5.280000000000000000e+03
2.640000000000000000e+03
5.280000000000000000e+03
