5.280000000000000000e+03
5.580526763442811898e+03
5.280000000000000000e+03
6.719715987644980487e+03
5.280000000000000000e+03
5.280000000000000000e+03
5.280000000000000000e+03
2.640000000000000000e+03
2.640000000000000000e+03
2.640000000000000000e+03
2.640000000000000000e+03
2.640000000000000000e+03
2.640000000000000000e+03
2.640000000000000000e+03
2.640000000000000000e+03
2.640000000000000000e+03
2.640000000000000000e+03
2.640000000000000000e+03
2.640000000000000000e+03
2.640000000000000000e+03
2.640000000000000000e+03
2.640000000000000000e+03
2.640000000000000000e+03
2.640000000000000000e+03
2.640000000000000000e+03
2.640000000000000000e+03
2.640000000000000000e+03
2.640000000000000000e+03
2.640000000000000000e+03
1.320000000000000000e+03
1.320000000000000000e+03
1.320000000000000000e+03
1.320000000000000000e+03
1.320000000000000000e+03
1.320000000000000000e+03
1.320000000000000000e+03
1.320000000000000000e+03
1.320000000000000000e+03
1.320000000000000000e+03
2.413616672529570224e+03
1.320000000000000000e+03
1.320000000000000000e+03
1.320000000000000000e+03
1.320000000000000000e+03
1.320000000000000000e+03
1.320000000000000000e+03
1.320000000000000000e+03
2.256234012744995653e+03
1.320000000000000000e+03
1.320000000000000000e+03
1.320000000000000000e+03
1.320000000000000000e+03
1.320000000000000000e+03
1.320000000000000000e+03
1.320000000000000000e+03
1.320000000000000000e+03
1.320000000000000000e+03
1.320000000000000000e+03
1.320000000000000000e+03
3.854000000000000455e+03
3.854000000000000455e+03
3.484999999999999545e+03
3.484999999999999545e+03
2.640000000000000000e+03
2.640000000000000000e+03
2.640000000000000000e+03
2.640000000000000000e+03
4.065999999999999545e+03
4.065999999999999545e+03
2.640000000000000000e+03
7.920000000000000000e+03
2.640000000000000000e+03
2.640000000000000000e+03
2.640000000000000000e+03
2.640000000000000000e+03
2.429000000000000000e+03
2.482000000000000000e+03
2.640000000000000000e+03
2.640000000000000000e+03
2.640000000000000000e+03
2.640000000000000000e+03
2.640000000000000000e+03
2.640000000000000000e+03
2.640000000000000000e+03
2.640000000000000000e+03
2.640000000000000000e+03
2.640000000000000000e+03
2.851000000000000000e+03
2.798000000000000000e+03
1.320000000000000000e+03
1.320000000000000000e+03
1.320000000000000000e+03
1.320000000000000000e+03
1.320000000000000000e+03
1.320000000000000000e+03
1.320000000000000000e+03
1.320000000000000000e+03
1.320000000000000000e+03
1.320000000000000000e+03
1.320000000000000000e+03
1.320000000000000000e+03
7.367674370892847946e+03
8.184199916850679983e+03
2.782475034995014539e+03
1.320000000000000000e+03
1.832475034995014539e+03
1.251475034995014767e+03
1.320000000000000000e+03
1.320000000000000000e+03
8.501000000000000000e+03
1.320000000000000000e+03
1.320000000000000000e+03
6.811000000000000000e+03
1.320000000000000000e+03
1.320000000000000000e+03
1.320000000000000000e+03
2.270000000000000000e+03
1.320000000000000000e+03
5.492750267252347840e+03
5.280000000000000000e+03
5.280000000000000000e+03
2.270000000000000000e+03
1.320000000000000000e+03
1.320000000000000000e+03
1.320000000000000000e+03
1.320000000000000000e+03
6.811000000000000000e+03
1.320000000000000000e+03
1.320000000000000000e+03
8.501000000000000000e+03
1.320000000000000000e+03
2.906309718259698911e+03
1.108999999999999773e+03
1.690000000000000000e+03
2.640000000000000000e+03
1.320000000000000000e+03
6.397052309400643026e+03
5.280000000000000000e+03
5.791689342133574428e+03
1.322673558690065192e+03
1.321948680938521420e+03
1.119302605117393796e+03
1.541302605117393796e+03
1.690000000000000000e+03
1.320000000000000000e+03
1.320000000000000000e+03
3.378999999999999545e+03
1.320000000000000000e+03
1.320000000000000000e+03
6.019000000000000000e+03
1.320000000000000000e+03
1.320000000000000000e+03
3.010000000000000000e+03
1.320000000000000000e+03
1.320000000000000000e+03
1.901000000000000000e+03
1.320000000000000000e+03
1.320000000000000000e+03
3.749000000000000000e+03
1.320000000000000000e+03
1.320000000000000000e+03
1.320000000000000000e+03
3.749000000000000000e+03
1.320000000000000000e+03
1.320000000000000000e+03
1.901000000000000000e+03
1.320000000000000000e+03
1.320000000000000000e+03
3.010000000000000000e+03
1.320000000000000000e+03
1.320000000000000000e+03
6.019000000000000000e+03
1.320000000000000000e+03
1.320000000000000000e+03
3.378999999999999545e+03
1.690000000000000000e+03
1.320000000000000000e+03
1.320000000000000000e+03
1.531000000000000000e+03
1.108999999999999773e+03
1.320000000000000000e+03
3.089142177065737542e+03
5.280000000000000000e+03
5.280000000000000000e+03
5.280000000000000000e+03
1.320000000000000000e+03
1.320000000000000000e+03
2.640000000000000000e+03
3.010000000000000000e+03
1.320000000000000000e+03
1.320000000000000000e+03
4.171000000000000000e+03
1.320000000000000000e+03
1.320000000000000000e+03
4.171000000000000000e+03
1.320000000000000000e+03
1.320000000000000000e+03
3.010000000000000000e+03
1.531000000000000000e+03
1.320000000000000000e+03
1.320000000000000000e+03
4.171000000000000000e+03
1.531000000000000000e+03
1.320000000000000000e+03
2.270000000000000000e+03
1.690000000000000000e+03
1.320000000000000000e+03
1.320000000000000000e+03
7.389999999999998863e+02
3.062000000000000000e+03
1.320000000000000000e+03
6.340000000000000000e+02
1.320000000000000000e+03
5.280000000000000000e+03
1.320000000000000000e+03
1.909204848564614167e+03
4.541000000000000909e+03
1.320000000000000000e+03
1.320000000000000000e+03
4.541000000000000909e+03
1.320000000000000000e+03
2.281139717187360475e+03
4.330000000000000000e+03
5.810000000000000000e+02
1.320000000000000000e+03
3.696000000000000000e+03
1.108999999999999773e+03
1.320000000000000000e+03
1.320000000000000000e+03
1.690000000000000000e+03
1.108999999999999773e+03
3.010000000000000000e+03
1.480328469098717960e+03
3.378999999999999545e+03
1.320000000000000000e+03
1.320000000000000000e+03
1.531000000000000000e+03
3.010000000000000000e+03
1.320000000000000000e+03
1.320000000000000000e+03
4.171000000000000000e+03
1.320000000000000000e+03
1.320000000000000000e+03
4.171000000000000000e+03
1.320000000000000000e+03
1.320000000000000000e+03
3.010000000000000000e+03
2.640000000000000000e+03
1.320000000000000000e+03
1.417756252863284544e+03
5.280000000000000000e+03
5.280000000000000000e+03
5.280000000000000000e+03
1.320000000000000000e+03
1.320000000000000000e+03
3.749000000000000000e+03
1.690000000000000000e+03
3.170000000000000000e+02
1.320000000000000000e+03
1.373000000000000000e+03
1.320000000000000000e+03
2.429000000000000000e+03
1.108999999999999773e+03
1.320000000000000000e+03
1.320000000000000000e+03
3.960000000000000000e+03
1.320000000000000000e+03
1.320000000000000000e+03
3.960000000000000000e+03
1.320000000000000000e+03
1.320000000000000000e+03
9.240000000000000000e+03
1.320000000000000000e+03
2.851141533226815682e+03
7.389999999999998863e+02
1.901000000000000000e+03
1.320000000000000000e+03
1.320000000000000000e+03
1.901000000000000000e+03
3.590000000000000455e+03
1.901000000000000000e+03
1.320000000000000000e+03
1.320000000000000000e+03
4.330000000000000000e+03
3.749000000000000000e+03
1.329937084353892487e+03
1.320000000000000000e+03
3.758937084353892260e+03
4.339937084353891805e+03
1.322384181199956629e+03
1.320000000000000000e+03
1.906733802727084594e+03
3.595733802727084822e+03
1.320000000000000000e+03
1.320000000000000000e+03
1.901000000000000000e+03
1.911108630881047702e+03
7.491086308810474748e+02
1.320000000000000000e+03
1.320000000000000000e+03
9.240000000000000000e+03
1.320000000000000000e+03
1.320000000000000000e+03
3.960000000000000000e+03
1.320000000000000000e+03
1.330500992206546016e+03
3.960000000000000000e+03
1.320000000000000000e+03
1.320000000000000000e+03
1.108999999999999773e+03
2.429000000000000000e+03
1.373000000000000000e+03
3.170000000000000000e+02
2.438106007686788871e+03
1.690000000000000000e+03
1.320000000000000000e+03
3.749000000000000000e+03
1.320000000000000000e+03
1.544779599156454651e+03
5.280000000000000000e+03
5.280000000000000000e+03
5.280000000000000000e+03
1.901000000000000000e+03
1.320000000000000000e+03
2.851000000000000000e+03
1.373000000000000000e+03
1.320000000000000000e+03
3.749000000000000000e+03
2.429000000000000000e+03
1.320000000000000000e+03
5.650000000000000000e+03
1.531000000000000000e+03
2.059000000000000000e+03
1.320000000000000000e+03
4.699000000000000000e+03
3.010000000000000000e+03
1.325570590500988601e+03
4.541000000000000909e+03
1.901000000000000000e+03
1.320009072361901872e+03
5.280000000000000000e+03
2.270000000000000000e+03
3.638042852965600105e+03
5.810000000000000000e+02
1.320000000000000000e+03
1.426000000000000000e+03
1.320000000000000000e+03
1.531000000000000000e+03
6.719715987644980487e+03
5.835192008720993726e+03
5.835192008720993726e+03
6.463220436766272314e+02
1.214000000000000000e+03
1.320000000000000000e+03
1.320000000000000000e+03
1.108999999999999773e+03
1.108999999999999773e+03
2.270000000000000000e+03
1.320000000000000000e+03
4.541000000000000909e+03
3.010000000000000000e+03
1.328183512884351558e+03
4.541000000000000909e+03
1.901000000000000000e+03
1.320000000000000000e+03
5.068999999999999091e+03
3.010000000000000000e+03
1.322360398928478617e+03
5.650000000000000000e+03
1.901000000000000000e+03
1.320000000000000000e+03
4.330000000000000000e+03
1.742000000000000000e+03
2.640000000000000000e+02
3.439975731125584844e+03
1.320000000000000000e+03
2.534000000000000455e+03
5.280000000000000000e+03
2.640000000000000000e+03
5.280000000000000000e+03
1.320000000000000000e+03
5.280000000000000000e+03
1.320000000000000000e+03
1.755623937657546094e+03
1.320000000000000000e+03
5.068999999999999091e+03
2.640000000000000000e+03
5.280000000000000000e+03
1.320000000000000000e+03
5.280000000000000000e+03
1.320000000000000000e+03
1.320000000000000000e+03
1.320000000000000000e+03
5.068999999999999091e+03
3.314853961061015070e+03
1.320000000000000000e+03
1.320000000000000000e+03
1.681802869145353725e+03
4.910000000000000000e+03
2.640000000000000000e+03
5.280000000000000000e+03
2.640000000000000000e+03
5.280000000000000000e+03
1.320000000000000000e+03
5.280000000000000000e+03
1.320000000000000000e+03
2.083007688772339407e+03
1.320000000000000000e+03
3.368985815874781565e+03
1.320000000000000000e+03
3.854000000000000455e+03
5.084412851786539250e+03
2.640000000000000000e+03
9.451000000000000000e+03
1.320000000000000000e+03
3.854000000000000455e+03
5.068999999999999091e+03
4.527398487370953262e+03
4.330000000000000000e+03
1.320000000000000000e+03
3.484999999999999545e+03
5.142308388416881826e+03
4.541000000000000909e+03
1.320000000000000000e+03
3.484999999999999545e+03
5.271802869145352815e+03
2.640020711621635655e+03
6.600000000000000000e+03
3.065199278427136960e+03
1.531020711621635428e+03
2.625526853675628900e+03
1.956199278427137187e+03
1.320000000000000000e+03
1.320000000000000000e+03
3.856491092583918544e+03
6.019000000000000000e+03
1.320000000000000000e+03
2.640000000000000000e+03
5.280000000000000000e+03
3.275491092583919453e+03
5.280000000000000000e+03
1.320000000000000000e+03
2.640000000000000000e+03
5.280000000000000000e+03
3.749000000000000000e+03
2.640000000000000000e+03
5.280000000000000000e+03
2.640000000000000000e+03
5.280000000000000000e+03
1.320000000000000000e+03
9.451000000000000000e+03
3.854452987462464534e+03
1.320000000000000000e+03
1.320000000000000000e+03
1.320000000000000000e+03
1.320000000000000000e+03
1.108999999999999773e+03
1.108999999999999773e+03
1.108999999999999773e+03
4.330000000000000000e+03
1.531000000000000000e+03
1.531000000000000000e+03
9.500000000000000000e+02
1.320000000000000000e+03
9.500000000000000000e+02
1.320000000000000000e+03
1.320000000000000000e+03
1.320000000000000000e+03
7.389999999999998863e+02
7.389999999999998863e+02
1.531000000000000000e+03
1.531000000000000000e+03
1.108999999999999773e+03
4.541000000000000909e+03
1.901000000000000000e+03
1.320000000000000000e+03
1.901000000000000000e+03
1.320000000000000000e+03
1.320000000000000000e+03
1.320000000000000000e+03
3.221000000000000000e+03
2.486801765469401744e+03
6.600000000000000000e+03
1.320000000000000000e+03
1.320000000000000000e+03
1.320000000000000000e+03
3.378999999999999545e+03
5.280000000000000000e+03
4.910000000000000000e+03
3.003610672036306369e+03
5.878810458595970886e+03
1.320000000000000000e+03
1.320000000000000000e+03
5.822568691420676259e+03
7.966235296707274074e+02
4.606943397933017877e+03
1.958623529670727521e+03
5.280000000000000000e+03
1.108999999999999773e+03
4.171000000000000000e+03
1.320000000000000000e+03
1.108999999999999773e+03
1.320000000000000000e+03
1.320000000000000000e+03
1.320000000000000000e+03
3.010000000000000000e+03
2.425110685633901994e+03
1.901000000000000000e+03
3.010000000000000000e+03
2.640000000000000000e+03
5.242963145014253314e+03
1.108999999999999773e+03
2.640000000000000000e+03
1.320000000000000000e+03
5.068999999999999091e+03
1.320000000000000000e+03
1.320000000000000000e+03
1.320000000000000000e+03
2.640000000000000000e+03
1.108999999999999773e+03
1.320000000000000000e+03
3.010000000000000000e+03
1.320000000000000000e+03
1.320000000000000000e+03
2.640000000000000000e+03
4.065999999999999545e+03
3.221000000000000000e+03
5.650000000000000000e+03
1.320000000000000000e+03
4.065999999999999545e+03
3.378999999999999545e+03
2.435096988144925945e+03
7.389999999999998863e+02
4.910000000000000000e+03
2.429000000000000000e+03
1.904922354890293946e+03
8.658999999999998181e+03
1.347149727347469479e+03
1.901000000000000000e+03
1.320000000000000000e+03
1.320000000000000000e+03
1.335648920639277094e+03
3.195948837577795530e+03
1.364420518625696104e+03
2.640000000000000000e+03
5.768943397933016968e+03
1.335648920639277094e+03
5.280000000000000000e+03
2.640000000000000000e+03
5.280000000000000000e+03
1.563730518694113698e+03
4.171000000000000000e+03
7.389999999999998863e+02
1.320000000000000000e+03
3.010000000000000000e+03
1.901000000000000000e+03
7.389999999999998863e+02
7.181000000000000909e+03
7.389999999999998863e+02
2.059000000000000000e+03
4.541000000000000909e+03
1.320000000000000000e+03
7.389999999999998863e+02
4.330000000000000000e+03
5.068999999999999091e+03
4.541000000000000909e+03
6.811000000000000000e+03
3.239071319612548905e+03
5.068999999999999091e+03
2.640000000000000000e+03
2.270000000000000000e+03
2.851000000000000000e+03
1.402446316289473998e+03
1.901000000000000000e+03
2.640000000000000000e+03
3.010000000000000000e+03
2.851000000000000000e+03
3.010000000000000000e+03
2.640000000000000000e+03
5.650000000000000000e+03
2.270000000000000000e+03
2.640000000000000000e+03
2.270000000000000000e+03
7.181000000000000909e+03
6.811000000000000000e+03
4.541000000000000909e+03
1.901000000000000000e+03
8.658999999999998181e+03
4.330000000000000000e+03
1.901000000000000000e+03
7.389999999999998863e+02
2.640000000000000000e+03
5.280000000000000000e+03
1.320000000000000000e+03
5.280000000000000000e+03
1.320000000000000000e+03
1.320000000000000000e+03
1.320000000000000000e+03
1.531000000000000000e+03
4.541000000000000909e+03
1.531000000000000000e+03
2.270000000000000000e+03
9.500000000000000000e+02
2.270000000000000000e+03
4.171000000000000000e+03
2.851000000000000000e+03
4.171000000000000000e+03
2.640000000000000000e+03
3.028071319612548905e+03
2.851000000000000000e+03
2.640000000000000000e+03
2.640000000000000000e+03
2.640000000000000000e+03
1.320000000000000000e+03
2.640000000000000000e+03
2.851000000000000000e+03
2.640000000000000000e+03
2.640000000000000000e+03
1.320000000000000000e+03
2.640000000000000000e+03
1.328452429258976963e+03
2.270000000000000000e+03
1.108999999999999773e+03
1.690000000000000000e+03
1.108999999999999773e+03
5.068999999999999091e+03
1.320000000000000000e+03
2.429000000000000000e+03
1.901000000000000000e+03
5.068999999999999091e+03
1.901000000000000000e+03
1.320000000000000000e+03
2.482000000000000000e+03
1.901000000000000000e+03
1.108999999999999773e+03
5.491000000000000000e+03
2.059000000000000000e+03
1.108999999999999773e+03
7.389999999999998863e+02
1.320000000000000000e+03
7.389999999999998863e+02
1.320000000000000000e+03
1.320000000000000000e+03
1.320000000000000000e+03
1.320000000000000000e+03
2.564401723349783424e+03
1.320000000000000000e+03
7.920000000000000000e+03
2.640000000000000000e+03
1.320000000000000000e+03
5.280000000000000000e+03
2.640000000000000000e+03
5.280000000000000000e+03
1.320000000000000000e+03
1.690000000000000000e+03
1.108999999999999773e+03
1.320000000000000000e+03
2.640000000000000000e+03
9.500000000000000000e+02
4.541000000000000909e+03
1.320000000000000000e+03
2.640000000000000000e+03
2.640000000000000000e+03
2.640000000000000000e+03
5.584091294903319977e+03
2.640000000000000000e+03
2.640000000000000000e+03
2.640000000000000000e+03
5.280000000000000000e+03
2.640000000000000000e+03
2.640000000000000000e+03
5.280000000000000000e+03
5.280000000000000000e+03
1.108999999999999773e+03
5.280000000000000000e+03
5.280000000000000000e+03
1.901000000000000000e+03
1.690000000000000000e+03
1.320000000000000000e+03
1.690000000000000000e+03
2.851000000000000000e+03
1.586023933680531627e+03
2.851000000000000000e+03
7.389999999999998863e+02
2.640000000000000000e+03
5.280000000000000000e+03
1.320000000000000000e+03
5.280000000000000000e+03
1.320000000000000000e+03
1.320000000000000000e+03
1.320000000000000000e+03
2.270000000000000000e+03
4.541000000000000909e+03
2.270000000000000000e+03
1.901000000000000000e+03
5.280000000000000000e+03
1.901000000000000000e+03
3.749000000000000000e+03
5.280000000000000000e+03
3.749000000000000000e+03
2.640000000000000000e+03
5.798830126864200793e+03
5.280000000000000000e+03
2.640000000000000000e+03
2.640000000000000000e+03
5.280000000000000000e+03
5.280000000000000000e+03
2.640000000000000000e+03
5.280000000000000000e+03
5.280000000000000000e+03
5.280000000000000000e+03
5.280000000000000000e+03
5.280000000000000000e+03
5.280000000000000000e+03
7.395025499136444296e+02
5.280000000000000000e+03
5.280000000000000000e+03
5.280000000000000000e+03
5.491000000000000000e+03
5.280000000000000000e+03
1.901000000000000000e+03
4.541000000000000909e+03
1.320000000000000000e+03
1.901000000000000000e+03
1.323818670346635372e+03
1.320000000000000000e+03
1.320000000000000000e+03
1.323818670346635372e+03
1.925348677354089205e+03
2.640000000000000000e+03
1.320000000000000000e+03
5.280000000000000000e+03
7.900150383881916241e+03
2.640000000000000000e+03
5.280000000000000000e+03
4.541000000000000909e+03
7.389999999999998863e+02
2.640000000000000000e+03
5.280000000000000000e+03
1.320000000000000000e+03
5.280000000000000000e+03
1.320000000000000000e+03
1.320000000000000000e+03
1.320000000000000000e+03
2.270000000000000000e+03
5.280000000000000000e+03
2.270000000000000000e+03
1.901000000000000000e+03
6.019000000000000000e+03
1.901000000000000000e+03
3.749000000000000000e+03
1.320000000000000000e+03
2.640000000000000000e+03
5.280000000000000000e+03
3.749000000000000000e+03
2.640000000000000000e+03
5.280000000000000000e+03
2.640000000000000000e+03
2.640000000000000000e+03
5.280000000000000000e+03
5.280000000000000000e+03
2.640000000000000000e+03
5.280000000000000000e+03
5.280000000000000000e+03
5.280000000000000000e+03
5.280000000000000000e+03
5.280000000000000000e+03
5.280000000000000000e+03
1.320000000000000000e+03
2.640000000000000000e+03
5.281054729562150897e+03
5.280000000000000000e+03
3.749000000000000000e+03
1.320000000000000000e+03
3.749000000000000000e+03
1.531000000000000000e+03
1.320000000000000000e+03
7.389999999999998863e+02
1.531000000000000000e+03
1.901000000000000000e+03
5.280000000000000000e+03
1.320000000000000000e+03
1.901000000000000000e+03
1.320000000000000000e+03
1.320000000000000000e+03
1.320000000000000000e+03
1.320000000000000000e+03
1.320000000000000000e+03
2.640000000000000000e+03
9.303739872645744981e+03
1.320000000000000000e+03
5.280000000000000000e+03
2.640000000000000000e+03
5.280000000000000000e+03
2.640000000000000000e+03
5.280000000000000000e+03
1.320000000000000000e+03
5.280000000000000000e+03
1.320000000000000000e+03
1.320000000000000000e+03
1.320000000000000000e+03
1.531000000000000000e+03
1.531000000000000000e+03
1.108999999999999773e+03
6.019000000000000000e+03
1.108999999999999773e+03
5.280000000000000000e+03
5.280000000000000000e+03
1.320000000000000000e+03
2.640000000000000000e+03
5.280000000000000000e+03
2.640000000000000000e+03
5.674431865496540922e+03
5.280000000000000000e+03
2.640000000000000000e+03
2.640000000000000000e+03
5.280000000000000000e+03
5.280000000000000000e+03
2.640000000000000000e+03
5.280000000000000000e+03
5.280000000000000000e+03
5.280000000000000000e+03
5.280000000000000000e+03
5.280000000000000000e+03
5.280000000000000000e+03
1.320000000000000000e+03
2.640000000000000000e+03
5.280000000000000000e+03
5.280000000000000000e+03
5.280000000000000000e+03
5.280000000000000000e+03
5.280000000000000000e+03
1.901000000000000000e+03
6.811000000000000000e+03
1.320000000000000000e+03
1.901000000000000000e+03
2.303767025744535658e+03
1.320000000000000000e+03
1.108999999999999773e+03
4.238398579389148836e+03
2.774336475854609489e+03
1.108999999999999773e+03
3.208215065691829295e+03
1.320000000000000000e+03
2.640000000000000000e+03
1.323270302828178274e+03
5.280000000000000000e+03
1.531780760546213514e+03
2.640000000000000000e+03
5.280000000000000000e+03
2.758654987016107953e+03
1.531000000000000000e+03
5.280000000000000000e+03
2.951685945904236632e+03
5.280000000000000000e+03
5.591685945904236178e+03
1.531000000000000000e+03
1.320000000000000000e+03
1.842685945904236632e+03
1.320000000000000000e+03
2.526352062771087276e+03
1.556111970372806127e+03
3.700000000000000000e+02
1.320000000000000000e+03
2.640000000000000000e+03
5.280000000000000000e+03
2.570639449283044542e+03
1.320000000000000000e+03
2.640000000000000000e+03
5.280000000000000000e+03
2.640000000000000000e+03
5.280000000000000000e+03
5.280000000000000000e+03
2.640000000000000000e+03
2.640000000000000000e+03
5.280000000000000000e+03
2.640000000000000000e+03
5.280000000000000000e+03
5.280000000000000000e+03
5.280000000000000000e+03
5.280000000000000000e+03
5.280000000000000000e+03
5.280000000000000000e+03
1.320000000000000000e+03
2.851000000000000000e+03
5.280000000000000000e+03
5.280000000000000000e+03
5.280000000000000000e+03
1.320000000000000000e+03
2.798000000000000000e+03
6.811000000000000000e+03
2.851000000000000000e+03
5.280000000000000000e+03
1.320000000000000000e+03
2.851000000000000000e+03
1.320000000000000000e+03
1.328142488352344571e+03
1.320000000000000000e+03
5.810000000000000000e+02
5.280000000000000000e+03
5.810000000000000000e+02
5.280000000000000000e+03
2.640000000000000000e+03
5.280000000000000000e+03
2.640000000000000000e+03
5.280000000000000000e+03
2.640000000000000000e+03
5.280000000000000000e+03
2.640000000000000000e+03
5.280000000000000000e+03
2.640000000000000000e+03
5.280000000000000000e+03
2.640000000000000000e+03
5.280000000000000000e+03
